SAUKU 2013  1  1   1   20.0   14.6 31.500  3.000    5.1  1.660 -999.9    330
SAUKU 2013  1  2   2   23.7   14.4 31.560  4.200    0.0  1.170 -999.9    330
SAUKU 2013  1  3   3   33.4   15.7 32.020  6.800    4.6  1.380 -999.9    330
SAUKU 2013  1  4   4   24.2   14.9 32.200  4.200    0.0  1.170 -999.9    330
SAUKU 2013  1  5   5   21.4   15.3 31.210  3.300    0.5  0.900 -999.9    330
SAUKU 2013  1  6   6   32.2   16.5 31.140  6.300    3.0  0.750 -999.9    330
SAUKU 2013  1  7   7   27.3   18.7 30.550  4.400    0.0  1.060 -999.9    330
SAUKU 2013  1  8   8   35.5   19.5 30.870  6.800    0.0  0.800 -999.9    330
SAUKU 2013  1  9   9   32.8   21.0 30.420  5.700    0.0  0.960 -999.9    330
SAUKU 2013  1 10  10   27.2   16.5 30.760  4.800   26.7  1.380 -999.9    330
SAUKU 2013  1 11  11   17.7   14.8 31.480  2.100   13.7  1.270 -999.9    330
SAUKU 2013  1 12  12   19.3   15.5 31.520  2.500    1.8  1.350 -999.9    330
SAUKU 2013  1 13  13   25.6   16.5 32.110  4.300    0.3  0.950 -999.9    330
SAUKU 2013  1 14  14   34.0   15.7 31.930  6.900    0.0  0.990 -999.9    330
SAUKU 2013  1 15  15   27.2   15.8 30.790  4.900    0.0  1.230 -999.9    330
SAUKU 2013  1 16  16   25.0   18.5 30.410  3.600    1.3  0.910 -999.9    330
SAUKU 2013  1 17  17   30.6   19.5 31.190  5.200    0.0  0.720 -999.9    330
SAUKU 2013  1 18  18   27.1   18.4 29.630  4.300    7.6  0.910 -999.9    330
SAUKU 2013  1 19  19   22.0   17.4 30.960  2.900    2.5  1.120 -999.9    330
SAUKU 2013  1 20  20   26.3   16.7 31.120  4.400    0.0  0.730 -999.9    330
SAUKU 2013  1 21  21   26.6   18.2 31.660  4.200    0.0  1.310 -999.9    330
SAUKU 2013  1 22  22   26.9   16.3 31.810  4.700    0.0  0.880 -999.9    330
SAUKU 2013  1 23  23   31.1   17.4 32.470  5.700    0.0  0.720 -999.9    330
SAUKU 2013  1 24  24   38.7   21.3 31.830  7.400    0.0  0.660 -999.9    330
SAUKU 2013  1 25  25   27.1   17.1 29.900  4.500    3.0  1.510 -999.9    330
SAUKU 2013  1 26  26   25.3   17.6 29.640  3.900    2.3  1.210 -999.9    330
SAUKU 2013  1 27  27   26.3   18.5 29.630  4.000    1.0  1.130 -999.9    330
SAUKU 2013  1 28  28   21.4   16.7 30.080  2.800    3.3  1.390 -999.9    330
SAUKU 2013  1 29  29   20.0   16.3 29.830  2.400    1.5  1.010 -999.9    330
SAUKU 2013  1 30  30   27.7   17.8 29.050  4.500    4.1  0.900 -999.9    330
SAUKU 2013  1 31  31   27.6   16.4 29.510  4.700    1.0  1.490 -999.9    330
SAUKU 2013  2  1  32   25.3   15.0 30.590  4.300    0.0  1.320 -999.9    330
SAUKU 2013  2  2  33   27.4   16.4 30.900  4.700    0.0  0.750 -999.9    330
SAUKU 2013  2  3  34   31.2   17.6 30.140  5.600    4.6  0.760 -999.9    330
SAUKU 2013  2  4  35   20.1   14.8 29.580  2.800    1.5  1.630 -999.9    330
SAUKU 2013  2  5  36   20.0   14.4 30.050  2.900    0.5  0.790 -999.9    330
SAUKU 2013  2  6  37   26.4   15.2 29.070  4.500    1.0  0.960 -999.9    330
SAUKU 2013  2  7  38   24.4   17.0 28.820  3.600    0.3  1.010 -999.9    330
SAUKU 2013  2  8  39   26.8   17.4 29.220  4.200    0.8  0.820 -999.9    330
SAUKU 2013  2  9  40   31.2   18.7 28.770  5.300   47.7  0.860 -999.9    330
SAUKU 2013  2 10  41   26.5   18.2 27.890  4.000    0.0  0.870 -999.9    330
SAUKU 2013  2 11  42   30.5   18.9 28.090  5.000    2.5  0.880 -999.9    330
SAUKU 2013  2 12  43   28.7   18.2 28.010  4.600    0.3  1.010 -999.9    330
SAUKU 2013  2 13  44   29.7   18.7 28.790  4.800    0.0  0.980 -999.9    330
SAUKU 2013  2 14  45   33.5   19.0 28.310  5.800    0.0  1.060 -999.9    330
SAUKU 2013  2 15  46   21.1   17.0 27.640  2.500   19.8  1.330 -999.9    330
SAUKU 2013  2 16  47   20.0   16.1 28.340  2.300    0.5  1.200 -999.9    330
SAUKU 2013  2 17  48   25.2   16.7 28.520  3.800    1.0  0.800 -999.9    330
SAUKU 2013  2 18  49   29.7   18.5 28.140  4.700    0.0  0.670 -999.9    330
SAUKU 2013  2 19  50   34.0   18.3 28.190  6.000    2.8  0.660 -999.9    330
SAUKU 2013  2 20  51   25.5   13.9 27.930  4.300    0.5  1.540 -999.9    330
SAUKU 2013  2 21  52   24.2   13.6 28.950  4.000    0.0  1.050 -999.9    330
SAUKU 2013  2 22  53   26.9   14.3 28.110  4.600    0.3  0.700 -999.9    330
SAUKU 2013  2 23  54   26.0   16.1 27.380  4.000    1.0  0.980 -999.9    330
SAUKU 2013  2 24  55   24.1   16.5 27.470  3.400    0.0  0.770 -999.9    330
SAUKU 2013  2 25  56   29.2   16.6 27.980  4.800    0.0  0.780 -999.9    330
SAUKU 2013  2 26  57   37.0   18.2 27.690  6.600    0.0  0.770 -999.9    330
SAUKU 2013  2 27  58   34.5   20.3 26.800  5.600    0.0  0.850 -999.9    330
SAUKU 2013  2 28  59   32.4   17.3 25.950  5.500   59.9  1.840 -999.9    330
SAUKU 2013  3  1  60   21.2   14.9 26.160  2.800    1.8  1.750 -999.9    330
SAUKU 2013  3  2  61   22.7   15.2 26.380  3.200    0.3  0.770 -999.9    330
SAUKU 2013  3  3  62   24.4   16.5 26.710  3.400    0.0  0.720 -999.9    330
SAUKU 2013  3  4  63   24.2   17.0 26.530  3.200    0.0  0.830 -999.9    330
SAUKU 2013  3  5  64   31.5   17.0 26.820  5.100    0.0  0.900 -999.9    330
SAUKU 2013  3  6  65   32.1   19.1 25.920  5.000    0.3  0.740 -999.9    330
SAUKU 2013  3  7  66   27.2   18.0 24.260  3.800   16.0  0.880 -999.9    330
SAUKU 2013  3  8  67   32.6   19.5 25.410  5.000    0.0  0.860 -999.9    330
SAUKU 2013  3  9  68   22.4   13.9 24.730  3.200    6.1  2.090 -999.9    330
SAUKU 2013  3 10  69   18.3   12.7 25.300  2.400    0.8  0.810 -999.9    330
SAUKU 2013  3 11  70   19.8   12.8 24.970  2.700    0.0  0.750 -999.9    330
SAUKU 2013  3 12  71   25.5   15.5 24.980  3.700    0.0  1.110 -999.9    330
SAUKU 2013  3 13  72   24.6   16.3 24.440  3.300    2.3  0.980 -999.9    330
SAUKU 2013  3 14  73   23.6   15.2 25.540  3.200    0.0  0.730 -999.9    330
SAUKU 2013  3 15  74   26.8   15.3 25.200  4.000    0.0  1.160 -999.9    330
SAUKU 2013  3 16  75   26.7   15.4 23.570  3.900    0.8  1.230 -999.9    330
SAUKU 2013  3 17  76   23.5   16.3 23.830  2.900    0.0  1.020 -999.9    330
SAUKU 2013  3 18  77   29.3   14.9 24.850  4.500    0.3  0.620 -999.9    330
SAUKU 2013  3 19  78   26.2   15.4 23.520  3.700    0.3  1.340 -999.9    330
SAUKU 2013  3 20  79   23.4   14.6 24.020  3.100    0.0  0.770 -999.9    330
SAUKU 2013  3 21  80   28.9   15.9 24.340  4.200    0.3  0.900 -999.9    330
SAUKU 2013  3 22  81   31.6   16.4 23.930  4.800    0.0  0.890 -999.9    330
SAUKU 2013  3 23  82   29.6   18.2 23.140  4.000    0.0  1.390 -999.9    330
SAUKU 2013  3 24  83   28.8   15.8 22.630  4.100    0.3  0.800 -999.9    330
SAUKU 2013  3 25  84   23.3   16.6 21.960  2.700    5.3  1.260 -999.9    330
SAUKU 2013  3 26  85   19.5   17.0 21.500  1.600    9.1  1.200 -999.9    330
SAUKU 2013  3 27  86   25.2   16.4 21.440  3.100    0.0  1.160 -999.9    330
SAUKU 2013  3 28  87   28.9   16.4 22.310  4.000    0.3  0.660 -999.9    330
SAUKU 2013  3 29  88   27.2   17.4 21.420  3.400    0.0  0.630 -999.9    330
SAUKU 2013  3 30  89   22.6   18.1 20.920  2.100    0.3  0.950 -999.9    330
SAUKU 2013  3 31  90   27.9   18.1 21.210  3.400    0.0  0.860 -999.9    330
SAUKU 2013  4  1  91   29.5   16.5 21.830  4.000    0.0  0.990 -999.9    330
SAUKU 2013  4  2  92   29.7   18.0 21.340  3.800    0.5  1.100 -999.9    330
SAUKU 2013  4  3  93   18.3   11.6 21.240  2.200    6.6  1.550 -999.9    330
SAUKU 2013  4  4  94   20.3    9.2 22.450  2.900    0.0  1.010 -999.9    330
SAUKU 2013  4  5  95   24.1    9.5 22.430  3.600    0.0  0.790 -999.9    330
SAUKU 2013  4  6  96   28.4   10.5 22.150  4.300    0.3  0.550 -999.9    330
SAUKU 2013  4  7  97   30.0   13.7 21.670  4.300    0.0  0.840 -999.9    330
SAUKU 2013  4  8  98   33.6   16.9 21.390  4.700    0.0  0.800 -999.9    330
SAUKU 2013  4  9  99   27.8   16.5 20.980  3.400    5.3  1.000 -999.9    330
SAUKU 2013  4 10 100   16.5    8.9 20.120  2.100    9.9  1.850 -999.9    330
SAUKU 2013  4 11 101   17.8    9.5 20.490  2.200    0.0  0.960 -999.9    330
SAUKU 2013  4 12 102   21.0   11.6 19.760  2.600    0.0  0.720 -999.9    330
SAUKU 2013  4 13 103   25.3   14.6 19.180  3.100    0.0  0.730 -999.9    330
SAUKU 2013  4 14 104   29.5   15.0 19.570  3.800    0.0  0.590 -999.9    330
SAUKU 2013  4 15 105   32.3   16.9 20.070  4.200    0.0  0.870 -999.9    330
SAUKU 2013  4 16 106   34.4   20.6 19.560  4.200    0.0  0.880 -999.9    330
SAUKU 2013  4 17 107   35.3   20.8 19.490  4.400    0.0  0.880 -999.9    330
SAUKU 2013  4 18 108   24.2   11.9 18.120  3.000    6.6  1.270 -999.9    330
SAUKU 2013  4 19 109   13.4   11.4 18.170  1.000   51.5  1.200 -999.9    330
SAUKU 2013  4 20 110   14.7   11.5 17.880  1.300   12.2  1.160 -999.9    330
SAUKU 2013  4 21 111   21.6   10.9 18.860  2.600    1.0  0.840 -999.9    330
SAUKU 2013  4 22 112   22.2   10.4 19.200  2.700    0.0  1.440 -999.9    330
SAUKU 2013  4 23 113   22.2   10.0 18.240  2.800    0.0  0.840 -999.9    330
SAUKU 2013  4 24 114   22.9   12.6 18.490  2.600    0.3  0.640 -999.9    330
SAUKU 2013  4 25 115   27.4   10.8 18.500  3.600    0.0  0.630 -999.9    330
SAUKU 2013  4 26 116   27.1   13.3 18.250  3.300    0.0  0.720 -999.9    330
SAUKU 2013  4 27 117   28.2   13.5 18.340  3.400    0.0  0.640 -999.9    330
SAUKU 2013  4 28 118   30.6   14.3 18.270  3.800    0.0  0.720 -999.9    330
SAUKU 2013  4 29 119   22.7   14.1 16.990  2.300    0.0  1.020 -999.9    330
SAUKU 2013  4 30 120   24.1   14.1 17.390  2.500    0.0  0.720 -999.9    330
SAUKU 2013  5  1 121   28.8   12.2 17.640  3.600    0.0  0.670 -999.9    330
SAUKU 2013  5  2 122   29.6   14.6 17.370  3.500    0.0  0.750 -999.9    330
SAUKU 2013  5  3 123   28.6   15.7 17.350  3.100    0.0  0.830 -999.9    330
SAUKU 2013  5  4 124   16.6    9.4 16.320  1.700    8.6  1.710 -999.9    330
SAUKU 2013  5  5 125   17.8    8.4 17.660  2.000    0.0  1.460 -999.9    330
SAUKU 2013  5  6 126   20.0    6.7 17.380  2.400    0.0  0.660 -999.9    330
SAUKU 2013  5  7 127   24.8    9.1 17.160  3.000    0.0  0.730 -999.9    330
SAUKU 2013  5  8 128   27.8   11.7 16.770  3.300    0.0  0.800 -999.9    330
SAUKU 2013  5  9 129   21.6   12.0 15.790  2.200    0.0  1.210 -999.9    330
SAUKU 2013  5 10 130   14.4   10.9 14.420  1.100   14.7  0.690 -999.9    330
SAUKU 2013  5 11 131   15.0   10.0 14.970  1.300    2.0  0.610 -999.9    330
SAUKU 2013  5 12 132   20.9    8.8 15.740  2.300    0.0  0.580 -999.9    330
SAUKU 2013  5 13 133   24.8   10.4 16.170  2.800    0.0  0.720 -999.9    330
SAUKU 2013  5 14 134   25.8   11.4 15.960  2.800    0.0  0.750 -999.9    330
SAUKU 2013  5 15 135   27.9   13.0 15.610  3.000    0.0  0.750 -999.9    330
SAUKU 2013  5 16 136   23.0   12.0 14.920  2.300    1.0  0.730 -999.9    330
SAUKU 2013  5 17 137   15.7   12.5 13.550  1.100    0.8  0.950 -999.9    330
SAUKU 2013  5 18 138   19.7   10.5 14.940  1.900    0.0  0.650 -999.9    330
SAUKU 2013  5 19 139   23.2    8.6 15.270  2.600    0.0  0.620 -999.9    330
SAUKU 2013  5 20 140   25.6   12.3 14.600  2.600    0.0  0.790 -999.9    330
SAUKU 2013  5 21 141   26.8   14.4 14.510  2.600    0.0  0.690 -999.9    330
SAUKU 2013  5 22 142   27.3   13.4 14.330  2.800    0.0  0.830 -999.9    330
SAUKU 2013  5 23 143   28.2   11.3 14.380  3.100    0.0  0.660 -999.9    330
SAUKU 2013  5 24 144   23.2   12.4 13.840  2.200    0.0  0.590 -999.9    330
SAUKU 2013  5 25 145   29.2   12.1 14.570  3.200    0.0  0.820 -999.9    330
SAUKU 2013  5 26 146   30.5   15.0 14.320  3.100    0.0  0.960 -999.9    330
SAUKU 2013  5 27 147   22.9   13.0 13.800  2.100    0.5  0.550 -999.9    330
SAUKU 2013  5 28 148   15.7   12.4 14.130  1.000    0.3  0.530 -999.9    330
SAUKU 2013  5 29 149   20.7    8.9 14.500  2.100    0.3  0.560 -999.9    330
SAUKU 2013  5 30 150   24.9    9.7 14.300  2.600    0.0  0.770 -999.9    330
SAUKU 2013  5 31 151   21.9    9.9 14.330  2.200    0.0  0.810 -999.9    330
SAUKU 2013  6  1 152   29.2   11.4 13.920  3.100    0.0  0.920 -999.9    330
SAUKU 2013  6  2 153   29.8   19.2 13.520  2.500    0.0  0.790 -999.9    330
SAUKU 2013  6  3 154   21.4   12.0 14.250  1.900    0.0  0.820 -999.9    330
SAUKU 2013  6  4 155   19.3   11.6 13.600  1.600    0.0  0.500 -999.9    330
SAUKU 2013  6  5 156   18.4    8.0 14.400  1.800    0.0  0.870 -999.9    330
SAUKU 2013  6  6 157   21.1    6.5 14.590  2.300    0.0  0.750 -999.9    330
SAUKU 2013  6  7 158   26.9    9.1 13.380  2.900    0.0  0.770 -999.9    330
SAUKU 2013  6  8 159   28.9   13.0 13.140  2.900    0.0  0.880 -999.9    330
SAUKU 2013  6  9 160   14.0    4.1 13.650  1.500    0.3  1.620 -999.9    330
SAUKU 2013  6 10 161   17.4    3.5 14.450  1.900    0.0  0.760 -999.9    330
SAUKU 2013  6 11 162   24.7    5.4 14.520  2.800    0.0  0.690 -999.9    330
SAUKU 2013  6 12 163   23.1   10.3 14.350  2.200    0.0  0.710 -999.9    330
SAUKU 2013  6 13 164   26.0    9.0 13.750  2.700    0.0  0.810 -999.9    330
SAUKU 2013  6 14 165   25.2    8.3 13.540  2.700    0.0  0.730 -999.9    330
SAUKU 2013  6 15 166   19.5    8.4 14.220  1.900    0.0  1.040 -999.9    330
SAUKU 2013  6 16 167   19.1    6.2 14.120  2.000    0.0  0.700 -999.9    330
SAUKU 2013  6 17 168   20.1    7.0 14.080  2.000    0.0  0.690 -999.9    330
SAUKU 2013  6 18 169   22.5    6.5 13.960  2.400    0.0  0.880 -999.9    330
SAUKU 2013  6 19 170   25.1   11.1 13.380  2.400    0.0  0.860 -999.9    330
SAUKU 2013  6 20 171   25.2   10.8 13.090  2.500    0.0  0.820 -999.9    330
SAUKU 2013  6 21 172   25.4   10.6 13.440  2.500    0.0  0.700 -999.9    330
SAUKU 2013  6 22 173   21.0   11.5 13.350  1.800    0.0  0.950 -999.9    330
SAUKU 2013  6 23 174   21.0   10.3 12.800  1.900    0.0  0.840 -999.9    330
SAUKU 2013  6 24 175   26.5   11.6 13.620  2.600    0.0  0.770 -999.9    330
SAUKU 2013  6 25 176   26.3   13.4 13.560  2.400    0.0  0.880 -999.9    330
SAUKU 2013  6 26 177   20.5   11.9 13.120  1.700    0.8  0.920 -999.9    330
SAUKU 2013  6 27 178   12.5    9.5 22.080  0.900   19.8  0.660 -999.9    330
SAUKU 2013  6 28 179   17.1    8.2 12.960  1.600    0.0  0.590 -999.9    330
SAUKU 2013  6 29 180   22.7    6.4 13.560  2.400    0.0  0.740 -999.9    330
SAUKU 2013  6 30 181   26.0   11.1 13.350  2.600    0.0  0.710 -999.9    330
SAUKU 2013  7  1 182   18.1   11.7 12.580  1.400    1.8  0.730 -999.9    330
SAUKU 2013  7  2 183   20.7   12.2 26.940  1.700    0.0  0.770 -999.9    330
SAUKU 2013  7  3 184   18.4   11.0 12.940  1.500    0.0  1.020 -999.9    330
SAUKU 2013  7  4 185   15.0   10.6 21.650  1.100    2.0  0.700 -999.9    330
SAUKU 2013  7  5 186   18.1   10.6 16.720  1.500    0.3  0.790 -999.9    330
SAUKU 2013  7  6 187   23.5   11.0 25.470  2.300    0.0  0.590 -999.9    330
SAUKU 2013  7  7 188   24.9   12.0 20.250  2.400    0.0  0.690 -999.9    330
SAUKU 2013  7  8 189   22.3   10.3 23.250  2.100    0.0  0.810 -999.9    330
SAUKU 2013  7  9 190   21.6    9.6 20.720  2.100    0.0  0.700 -999.9    330
SAUKU 2013  7 10 191   18.6   11.5 20.400  1.500    0.0  0.840 -999.9    330
SAUKU 2013  7 11 192   20.6    9.3 14.230  2.000    0.3  0.710 -999.9    330
SAUKU 2013  7 12 193   21.4    7.6 14.400  2.300    0.3  0.770 -999.9    330
SAUKU 2013  7 13 194   24.4    8.5 14.480  2.600    0.0  0.760 -999.9    330
SAUKU 2013  7 14 195   20.6   11.4 13.660  1.900    0.0  0.980 -999.9    330
SAUKU 2013  7 15 196   22.2    8.9 14.050  2.300    0.0  0.980 -999.9    330
SAUKU 2013  7 16 197   21.4   12.3 14.190  1.900    0.0  0.950 -999.9    330
SAUKU 2013  7 17 198   17.2   11.4 17.720  1.400    0.0  0.690 -999.9    330
SAUKU 2013  7 18 199   21.1   10.3 13.450  2.100    0.0  1.230 -999.9    330
SAUKU 2013  7 19 200   24.2   11.5 13.790  2.400    0.0  0.890 -999.9    330
SAUKU 2013  7 20 201   20.2    8.6 14.600  2.100    0.0  0.920 -999.9    330
SAUKU 2013  7 21 202   20.1    7.0 15.460  2.200    0.0  0.880 -999.9    330
SAUKU 2013  7 22 203   22.8    6.6 15.340  2.600    0.0  0.880 -999.9    330
SAUKU 2013  7 23 204   25.8    9.7 15.330  2.900    0.0  0.840 -999.9    330
SAUKU 2013  7 24 205   17.2   10.2 14.830  1.600    0.0  0.890 -999.9    330
SAUKU 2013  7 25 206   24.4    9.4 14.980  2.700    0.0  0.700 -999.9    330
SAUKU 2013  7 26 207   27.7    9.9 15.770  3.200    0.0  0.750 -999.9    330
SAUKU 2013  7 27 208   28.0   12.8 15.700  3.000    0.0  0.820 -999.9    330
SAUKU 2013  7 28 209   18.4   10.2 15.420  1.800    0.0  1.080 -999.9    330
SAUKU 2013  7 29 210   18.9    8.2 16.550  2.000    0.0  0.710 -999.9    330
SAUKU 2013  7 30 211   19.1    6.0 16.500  2.200    0.0  0.770 -999.9    330
SAUKU 2013  7 31 212   22.1    6.4 16.250  2.700    0.0  0.810 -999.9    330
SAUKU 2013  8  1 213   24.0    7.2 16.170  2.900    0.0  0.760 -999.9    330
SAUKU 2013  8  2 214   24.0    8.0 16.590  2.900    0.0  0.910 -999.9    330
SAUKU 2013  8  3 215   23.3    8.8 16.810  2.700    0.0  0.820 -999.9    330
SAUKU 2013  8  4 216   21.7    8.4 16.800  2.500    0.3  1.000 -999.9    330
SAUKU 2013  8  5 217   22.2    9.5 16.810  2.500    0.0  0.880 -999.9    330
SAUKU 2013  8  6 218   26.1   10.5 16.670  3.100    0.0  0.710 -999.9    330
SAUKU 2013  8  7 219   27.4   12.0 16.630  3.200    0.0  0.860 -999.9    330
SAUKU 2013  8  8 220   19.8   10.5 16.190  2.100   11.4  1.000 -999.9    330
SAUKU 2013  8  9 221   10.8    7.9 15.510  1.000    1.5  1.160 -999.9    330
SAUKU 2013  8 10 222   17.0    7.6 17.160  2.000    0.0  0.860 -999.9    330
SAUKU 2013  8 11 223   21.0    7.4 16.830  2.600    0.3  0.840 -999.9    330
SAUKU 2013  8 12 224   20.7    9.8 17.690  2.400    0.0  1.390 -999.9    330
SAUKU 2013  8 13 225   25.9    8.0 18.220  3.400    0.0  0.810 -999.9    330
SAUKU 2013  8 14 226   19.7    9.6 18.030  2.300    0.3  1.000 -999.9    330
SAUKU 2013  8 15 227   20.7    9.7 18.400  2.400    0.0  0.990 -999.9    330
SAUKU 2013  8 16 228   22.2    9.0 18.850  2.800    0.0  1.050 -999.9    330
SAUKU 2013  8 17 229   26.6    8.5 18.890  3.600    0.0  0.890 -999.9    330
SAUKU 2013  8 18 230   19.6    8.5 19.090  2.400    0.0  1.120 -999.9    330
SAUKU 2013  8 19 231   19.2    6.5 19.360  2.500    0.0  0.910 -999.9    330
SAUKU 2013  8 20 232   25.9    6.9 19.040  3.700    0.0  0.820 -999.9    330
SAUKU 2013  8 21 233   27.8   12.9 18.750  3.500    0.0  0.940 -999.9    330
SAUKU 2013  8 22 234   18.2    7.4 19.870  2.300    0.0  1.520 -999.9    330
SAUKU 2013  8 23 235   21.6    4.7 19.430  3.200    0.0  0.980 -999.9    330
SAUKU 2013  8 24 236   27.1    9.4 17.600  3.800    0.0  1.120 -999.9    330
SAUKU 2013  8 25 237   21.6   10.0 18.160  2.700    0.0  0.910 -999.9    330
SAUKU 2013  8 26 238   32.6   13.2 17.710  4.600    0.0  0.980 -999.9    330
SAUKU 2013  8 27 239   32.7   17.0 18.110  4.200    0.0  0.900 -999.9    330
SAUKU 2013  8 28 240   34.1   19.4 18.690  4.300    0.0  0.940 -999.9    330
SAUKU 2013  8 29 241   33.2   16.6 19.070  4.400    0.0  0.980 -999.9    330
SAUKU 2013  8 30 242   22.4    9.9 17.970  3.000    0.3  1.410 -999.9    330
SAUKU 2013  8 31 243   19.2    6.2 21.830  2.800    0.0  1.080 -999.9    330
SAUKU 2013  9  1 244   20.0    5.5 21.560  3.000    0.0  0.890 -999.9    330
SAUKU 2013  9  2 245   25.4    5.6 21.640  4.000    0.0  1.000 -999.9    330
SAUKU 2013  9  3 246   29.1   11.7 21.440  4.200    0.0  1.480 -999.9    330
SAUKU 2013  9  4 247   19.2   10.7 20.090  2.400    0.0  1.020 -999.9    330
SAUKU 2013  9  5 248   23.8    9.7 20.460  3.400    0.3  0.730 -999.9    330
SAUKU 2013  9  6 249   25.6   12.7 22.160  3.500    0.3  1.030 -999.9    330
SAUKU 2013  9  7 250   29.9   16.5 22.200  4.000    0.0  0.910 -999.9    330
SAUKU 2013  9  8 251   34.4   14.9 21.240  5.200    0.0  1.340 -999.9    330
SAUKU 2013  9  9 252   15.4   10.9 20.470  1.700    0.5  1.200 -999.9    330
SAUKU 2013  9 10 253   23.8   11.1 20.680  3.400    0.0  1.300 -999.9    330
SAUKU 2013  9 11 254   14.9   10.4 20.390  1.700    0.8  1.300 -999.9    330
SAUKU 2013  9 12 255   18.2   10.7 18.820  2.300    0.0  0.840 -999.9    330
SAUKU 2013  9 13 256   27.9   11.5 19.410  4.300   10.9  0.740 -999.9    330
SAUKU 2013  9 14 257   28.7   12.4 22.310  4.400    0.0  1.010 -999.9    330
SAUKU 2013  9 15 258   33.5   10.0 22.520  5.700    0.0  0.960 -999.9    330
SAUKU 2013  9 16 259   23.5   11.8 23.310  3.400    0.0  1.150 -999.9    330
SAUKU 2013  9 17 260   29.6   11.2 23.440  4.800    0.0  0.960 -999.9    330
SAUKU 2013  9 18 261   28.5   14.0 23.230  4.300    0.0  0.960 -999.9    330
SAUKU 2013  9 19 262   33.4   15.3 22.190  5.300    0.0  1.100 -999.9    330
SAUKU 2013  9 20 263   36.3   12.3 20.450  6.200    2.5  1.350 -999.9    330
SAUKU 2013  9 21 264   12.5    8.7 22.480  1.600    0.0  1.590 -999.9    330
SAUKU 2013  9 22 265   21.6    8.4 23.860  3.500    0.0  1.110 -999.9    330
SAUKU 2013  9 23 266   29.3    8.4 22.610  5.200    0.0  0.890 -999.9    330
SAUKU 2013  9 24 267   27.3   14.3 23.820  4.100    2.3  1.240 -999.9    330
SAUKU 2013  9 25 268   26.5   11.9 25.210  4.200    0.0  1.020 -999.9    330
SAUKU 2013  9 26 269   27.7   12.0 24.810  4.500    0.0  0.880 -999.9    330
SAUKU 2013  9 27 270   31.3   14.3 23.030  5.100    0.0  1.020 -999.9    330
SAUKU 2013  9 28 271   15.6    9.6 24.330  2.200    7.9  1.450 -999.9    330
SAUKU 2013  9 29 272   17.5    8.9 25.150  2.700    0.0  1.090 -999.9    330
SAUKU 2013  9 30 273   20.8    8.8 26.380  3.400    0.0  1.020 -999.9    330
SAUKU 2013 10  1 274   26.5    8.1 26.610  4.800    0.0  1.120 -999.9    330
SAUKU 2013 10  2 275   32.8   13.6 26.290  5.700    0.0  0.880 -999.9    330
SAUKU 2013 10  3 276   32.9   16.4 26.170  5.400    0.0  1.100 -999.9    330
SAUKU 2013 10  4 277   30.8   15.3 25.730  5.100    0.0  1.200 -999.9    330
SAUKU 2013 10  5 278   29.8   13.7 25.580  5.000    0.0  0.950 -999.9    330
SAUKU 2013 10  6 279   21.9   11.9 25.080  3.400    0.3  2.050 -999.9    330
SAUKU 2013 10  7 280   13.3   10.4 25.580  1.600    4.3  1.040 -999.9    330
SAUKU 2013 10  8 281   20.0   10.4 26.370  3.200    0.3  1.390 -999.9    330
SAUKU 2013 10  9 282   29.4   10.8 27.210  5.400    0.0  0.980 -999.9    330
SAUKU 2013 10 10 283   30.5   12.5 26.580  5.500    0.0  1.180 -999.9    330
SAUKU 2013 10 11 284   37.6   19.1 26.110  6.500    0.0  0.910 -999.9    330
SAUKU 2013 10 12 285   28.7   11.7 26.420  5.200    0.5  1.670 -999.9    330
SAUKU 2013 10 13 286   14.2    8.6 27.650  2.200    0.0  1.610 -999.9    330
SAUKU 2013 10 14 287   22.5    7.5 28.190  4.200    0.0  0.900 -999.9    330
SAUKU 2013 10 15 288   27.9   11.0 27.590  5.100    0.0  1.390 -999.9    330
SAUKU 2013 10 16 289   30.1   13.2 27.370  5.400    4.8  1.670 -999.9    330
SAUKU 2013 10 17 290   13.3   11.4 26.200  1.400   10.9  1.230 -999.9    330
SAUKU 2013 10 18 291   13.3    9.8 27.420  1.800   17.8  1.310 -999.9    330
SAUKU 2013 10 19 292   13.0    9.5 27.770  1.800    3.3  1.060 -999.9    330
SAUKU 2013 10 20 293   19.7   10.3 26.120  3.300   15.2  0.690 -999.9    330
SAUKU 2013 10 21 294   21.6   12.8 27.280  3.400    0.0  1.680 -999.9    330
SAUKU 2013 10 22 295   16.3   11.0 28.570  2.400    0.0  1.360 -999.9    330
SAUKU 2013 10 23 296   22.2   11.3 28.580  3.800    0.0  0.860 -999.9    330
SAUKU 2013 10 24 297   25.2   13.4 27.110  4.300    0.0  1.190 -999.9    330
SAUKU 2013 10 25 298   29.3   13.7 26.510  5.400    9.9  1.040 -999.9    330
SAUKU 2013 10 26 299   28.1   14.9 27.610  4.900   18.0  1.460 -999.9    330
SAUKU 2013 10 27 300   20.9   15.0 27.420  2.900    8.1  1.730 -999.9    330
SAUKU 2013 10 28 301   18.6   15.3 28.010  2.100    3.0  1.510 -999.9    330
SAUKU 2013 10 29 302   21.1   15.2 28.110  2.900    0.0  1.320 -999.9    330
SAUKU 2013 10 30 303   29.8   14.7 28.830  5.500   15.2  1.050 -999.9    330
SAUKU 2013 10 31 304   26.1   13.8 29.990  4.600    1.8  1.260 -999.9    330
SAUKU 2013 11  1 305   24.2   12.5 30.400  4.300   16.8  0.870 -999.9    330
SAUKU 2013 11  2 306   21.8   12.0 30.600  3.800    0.3  1.870 -999.9    330
SAUKU 2013 11  3 307   22.9   11.3 30.520  4.200    0.0  0.900 -999.9    330
SAUKU 2013 11  4 308   29.2   14.1 30.510  5.500    0.0  0.790 -999.9    330
SAUKU 2013 11  5 309   37.0   19.6 30.970  6.900    0.0  0.950 -999.9    330
SAUKU 2013 11  6 310   36.1   17.3 29.230  7.000    0.0  0.940 -999.9    330
SAUKU 2013 11  7 311   25.8   15.3 28.600  4.400    5.1  1.350 -999.9    330
SAUKU 2013 11  8 312   23.3   14.4 31.120  3.800    0.5  0.890 -999.9    330
SAUKU 2013 11  9 313   20.8   14.4 29.670  3.100    1.8  1.210 -999.9    330
SAUKU 2013 11 10 314   20.1   14.6 29.570  2.900    2.0  0.980 -999.9    330
SAUKU 2013 11 11 315   16.5   13.9 29.350  1.900    0.5  0.890 -999.9    330
SAUKU 2013 11 12 316   26.4   14.8 30.510  4.700    1.3  1.090 -999.9    330
SAUKU 2013 11 13 317   28.5   16.4 30.940  5.000    0.3  1.020 -999.9    330
SAUKU 2013 11 14 318   34.9   21.1 30.860  6.200    0.0  1.010 -999.9    330
SAUKU 2013 11 15 319   20.9   16.6 29.000  2.700    6.1  1.400 -999.9    330
SAUKU 2013 11 16 320   21.5   16.6 28.540  2.900   20.3  0.980 -999.9    330
SAUKU 2013 11 17 321   29.8   15.3 31.640  5.600    7.1  1.120 -999.9    330
SAUKU 2013 11 18 322   25.4   14.7 31.670  4.500    0.3  1.600 -999.9    330
SAUKU 2013 11 19 323   22.2   14.8 31.030  3.500    2.0  1.200 -999.9    330
SAUKU 2013 11 20 324   33.6   16.1 30.420  6.600    1.8  1.490 -999.9    330
SAUKU 2013 11 21 325   17.0   13.4 30.510  2.200    1.5  1.420 -999.9    330
SAUKU 2013 11 22 326   24.4   13.1 31.220  4.500    0.8  1.200 -999.9    330
SAUKU 2013 11 23 327   28.4   14.6 30.900  5.400    1.8  1.370 -999.9    330
SAUKU 2013 11 24 328   21.8   14.1 30.760  3.600    0.5  1.300 -999.9    330
SAUKU 2013 11 25 329   24.2   15.2 31.270  4.100    0.3  1.270 -999.9    330
SAUKU 2013 11 26 330   29.4   17.8 31.080  5.200    0.0  1.360 -999.9    330
SAUKU 2013 11 27 331   18.5   13.2 30.790  2.800    5.3  1.790 -999.9    330
SAUKU 2013 11 28 332   15.7   12.1 31.320  2.200   11.2  0.870 -999.9    330
SAUKU 2013 11 29 333   21.1   12.8 31.610  3.600    0.0  1.140 -999.9    330
SAUKU 2013 11 30 334   27.6   14.5 30.910  5.200    4.8  1.770 -999.9    330
SAUKU 2013 12  1 335   14.7   13.4 30.810  1.400    7.1  1.050 -999.9    330
SAUKU 2013 12  2 336   16.5   13.3 30.370  2.200    3.0  1.030 -999.9    330
SAUKU 2013 12  3 337   23.9   15.8 30.530  3.900    1.0  1.090 -999.9    330
SAUKU 2013 12  4 338   24.9   15.4 31.340  4.300    5.6  1.410 -999.9    330
SAUKU 2013 12  5 339   17.7   13.8 31.370  2.400    2.5  1.100 -999.9    330
SAUKU 2013 12  6 340   21.9   13.9 32.130  3.700    1.0  1.100 -999.9    330
SAUKU 2013 12  7 341   15.3   13.3 32.030  1.700    2.0  0.790 -999.9    330
SAUKU 2013 12  8 342   19.1   13.2 31.300  3.000    1.0  1.010 -999.9    330
SAUKU 2013 12  9 343   19.6   16.3 30.420  2.400    2.0  1.090 -999.9    330
SAUKU 2013 12 10 344   20.7   17.2 30.220  2.500    2.5  0.810 -999.9    330
SAUKU 2013 12 11 345   23.4   15.1 31.340  3.900    1.0  1.720 -999.9    330
SAUKU 2013 12 12 346   22.3   14.9 32.480  3.600    0.0  1.800 -999.9    330
SAUKU 2013 12 13 347   25.4   14.1 32.230  4.700    4.1  0.890 -999.9    330
SAUKU 2013 12 14 348   27.4   16.4 31.440  4.900    2.0  0.750 -999.9    330
SAUKU 2013 12 15 349   27.7   16.5 32.000  5.000    0.5  1.200 -999.9    330
SAUKU 2013 12 16 350   20.8   15.3 31.560  3.100    1.8  1.410 -999.9    330
SAUKU 2013 12 17 351   15.9   13.1 31.440  2.000   15.0  1.030 -999.9    330
SAUKU 2013 12 18 352   16.9   13.3 31.570  2.300    1.3  0.910 -999.9    330
SAUKU 2013 12 19 353   23.1   13.8 32.020  4.100    0.0  1.000 -999.9    330
SAUKU 2013 12 20 354   26.8   17.5 32.930  4.500    0.0  0.940 -999.9    330
SAUKU 2013 12 21 355   30.9   18.1 31.820  5.700    1.0  0.740 -999.9    330
SAUKU 2013 12 22 356   28.1   19.0 31.820  4.600    0.0  0.890 -999.9    330
SAUKU 2013 12 23 357   26.0   19.7 31.030  3.700    1.0  0.710 -999.9    330
SAUKU 2013 12 24 358   24.7   19.1 30.450  3.400    2.0  0.620 -999.9    330
SAUKU 2013 12 25 359   29.3   19.5 31.170  4.900    0.3  1.020 -999.9    330
SAUKU 2013 12 26 360   31.5   18.1 31.360  5.900    3.0  1.240 -999.9    330
SAUKU 2013 12 27 361   24.1   18.1 31.140  3.500    4.3  0.890 -999.9    330
SAUKU 2013 12 28 362   30.6   17.2 31.380  5.700    2.3  1.770 -999.9    330
SAUKU 2013 12 29 363   20.9   16.1 31.380  2.900    3.6  1.200 -999.9    330
SAUKU 2013 12 30 364   27.3   16.4 32.500  4.900    0.0  0.800 -999.9    330
SAUKU 2013 12 31 365   26.5   16.9 32.560  4.500    0.0  0.940 -999.9    330
SAUKU 2014  1  1   1   27.5   16.2 32.730  5.000    0.0  0.770 -999.9    330
SAUKU 2014  1  2   2   28.8   18.8 31.720  4.900    0.0  1.000 -999.9    330
SAUKU 2014  1  3   3   30.4   18.9 32.510  5.400    0.0  1.200 -999.9    330
SAUKU 2014  1  4   4   29.4   18.3 33.510  5.100    0.0  1.090 -999.9    330
SAUKU 2014  1  5   5   29.7   17.1 32.840  5.500    0.0  1.300 -999.9    330
SAUKU 2014  1  6   6   28.9   18.9 32.560  4.900    0.0  0.890 -999.9    330
SAUKU 2014  1  7   7   29.2   19.9 31.940  4.800    0.0  0.950 -999.9    330
SAUKU 2014  1  8   8   27.0   18.6 31.430  4.300    0.3  1.230 -999.9    330
SAUKU 2014  1  9   9   30.1   18.0 30.370  5.400    0.8  1.210 -999.9    330
SAUKU 2014  1 10  10   25.2   17.6 30.580  3.900    1.0  1.400 -999.9    330
SAUKU 2014  1 11  11   21.2   17.2 30.990  2.700    2.3  0.990 -999.9    330
SAUKU 2014  1 12  12   34.1   17.9 31.820  6.600    1.0  1.070 -999.9    330
SAUKU 2014  1 13  13   22.1   16.0 31.500  3.300    1.0  1.910 -999.9    330
SAUKU 2014  1 14  14   20.0   15.5 31.720  2.700    1.0  1.060 -999.9    330
SAUKU 2014  1 15  15   32.1   15.8 32.420  6.300    0.3  1.060 -999.9    330
SAUKU 2014  1 16  16   31.4   20.1 32.170  5.400    0.3  0.800 -999.9    330
SAUKU 2014  1 17  17   31.7   19.3 32.510  5.600    1.3  0.770 -999.9    330
SAUKU 2014  1 18  18   25.4   19.1 30.440  3.600    3.3  1.160 -999.9    330
SAUKU 2014  1 19  19   23.3   17.2 29.940  3.400    2.3  1.030 -999.9    330
SAUKU 2014  1 20  20   26.4   18.9 30.880  4.000    0.0  1.160 -999.9    330
SAUKU 2014  1 21  21   25.2   18.8 30.630  3.600    0.0  0.910 -999.9    330
SAUKU 2014  1 22  22   28.7   17.0 31.030  5.000    0.0  1.140 -999.9    330
SAUKU 2014  1 23  23   34.4   18.7 30.580  6.500    4.1  0.750 -999.9    330
SAUKU 2014  1 24  24   34.1   19.8 29.580  6.200    1.8  0.710 -999.9    330
SAUKU 2014  1 25  25   21.8   17.0 30.140  2.900    2.0  1.780 -999.9    330
SAUKU 2014  1 26  26   26.5   15.9 30.180  4.600    0.0  0.970 -999.9    330
SAUKU 2014  1 27  27   30.8   17.2 30.180  5.600    0.0  1.270 -999.9    330
SAUKU 2014  1 28  28   33.9   20.1 30.440  6.000    0.0  1.260 -999.9    330
SAUKU 2014  1 29  29   33.9   21.4 29.780  5.800    0.0  1.050 -999.9    330
SAUKU 2014  1 30  30   22.9   18.4 29.080  2.800   32.8  1.300 -999.9    330
SAUKU 2014  1 31  31   22.4   17.5 28.740  2.900    2.3  1.260 -999.9    330
SAUKU 2014  2  1  32   27.5   17.4 28.920  4.500    2.3  0.770 -999.9    330
SAUKU 2014  2  2  33   23.6   18.6 27.930  3.000    1.3  1.360 -999.9    330
SAUKU 2014  2  3  34   22.6   17.5 28.490  2.900    1.5  1.040 -999.9    330
SAUKU 2014  2  4  35   27.1   17.6 28.310  4.300    0.0  0.960 -999.9    330
SAUKU 2014  2  5  36   28.1   19.9 28.110  4.100   14.0  1.090 -999.9    330
SAUKU 2014  2  6  37   26.3   18.8 29.280  3.800    0.3  1.110 -999.9    330
SAUKU 2014  2  7  38   26.4   19.6 30.060  3.600    0.5  0.960 -999.9    330
SAUKU 2014  2  8  39   28.9   19.1 29.070  4.500    0.0  1.210 -999.9    330
SAUKU 2014  2  9  40   27.9   19.0 28.190  4.200    2.8  0.870 -999.9    330
SAUKU 2014  2 10  41   28.4   20.3 28.700  4.100    4.1  0.980 -999.9    330
SAUKU 2014  2 11  42   35.1   20.7 29.380  6.100    0.0  0.940 -999.9    330
SAUKU 2014  2 12  43   35.4   20.8 29.450  6.100    0.0  0.980 -999.9    330
SAUKU 2014  2 13  44   33.1   20.1 30.110  5.500    0.0  1.080 -999.9    330
SAUKU 2014  2 14  45   29.1   20.3 29.500  4.200    0.0  0.910 -999.9    330
SAUKU 2014  2 15  46   28.9   17.8 29.650  4.700    0.0  0.850 -999.9    330
SAUKU 2014  2 16  47   29.9   17.5 29.270  5.000    0.0  0.840 -999.9    330
SAUKU 2014  2 17  48   31.9   17.2 29.140  5.600    0.0  1.150 -999.9    330
SAUKU 2014  2 18  49   32.7   17.5 28.330  5.700    0.0  1.020 -999.9    330
SAUKU 2014  2 19  50   28.8   19.6 28.130  4.200    0.0  1.030 -999.9    330
SAUKU 2014  2 20  51   30.3   19.3 26.590  4.700    0.0  1.280 -999.9    330
SAUKU 2014  2 21  52   20.9   16.8 27.220  2.400    0.0  1.920 -999.9    330
SAUKU 2014  2 22  53   25.4   15.8 26.120  3.900    0.0  0.880 -999.9    330
SAUKU 2014  2 23  54   27.1   17.8 26.090  4.000    0.3  0.780 -999.9    330
SAUKU 2014  2 24  55   28.8   17.4 26.430  4.500   72.4  0.980 -999.9    330
SAUKU 2014  2 25  56   26.6   18.1 27.700  3.800    1.0  1.360 -999.9    330
SAUKU 2014  2 26  57   24.5   14.9 28.150  3.800    0.0  1.460 -999.9    330
SAUKU 2014  2 27  58   26.3   13.8 27.670  4.400    0.0  0.740 -999.9    330
SAUKU 2014  2 28  59   28.4   16.3 27.450  4.500    1.5  0.700 -999.9    330
SAUKU 2014  3  1  60   29.7   19.0 26.360  4.400    3.0  0.730 -999.9    330
SAUKU 2014  3  2  61   32.4   18.3 24.910  5.300    0.0  0.840 -999.9    330
SAUKU 2014  3  3  62   27.8   19.1 24.490  3.800    7.9  1.390 -999.9    330
SAUKU 2014  3  4  63   22.0   17.9 24.760  2.300    6.9  1.460 -999.9    330
SAUKU 2014  3  5  64   23.1   19.3 25.130  2.400    0.5  1.120 -999.9    330
SAUKU 2014  3  6  65   25.3   19.1 24.940  3.000    4.3  0.790 -999.9    330
SAUKU 2014  3  7  66   32.1   20.2 26.000  4.800    0.0  0.660 -999.9    330
SAUKU 2014  3  8  67   27.5   18.3 24.800  3.800   14.2  0.880 -999.9    330
SAUKU 2014  3  9  68   24.8   17.6 23.770  3.200   21.6  1.180 -999.9    330
SAUKU 2014  3 10  69   18.0   14.4 24.710  1.900    0.0  1.300 -999.9    330
SAUKU 2014  3 11  70   20.9   16.5 24.420  2.300    4.1  0.910 -999.9    330
SAUKU 2014  3 12  71   23.7   14.9 24.490  3.300    1.3  1.410 -999.9    330
SAUKU 2014  3 13  72   19.1   12.6 25.530  2.500    0.0  1.180 -999.9    330
SAUKU 2014  3 14  73   25.7   12.3 24.460  4.100    0.0  0.730 -999.9    330
SAUKU 2014  3 15  74   31.4   17.4 24.740  4.800    7.4  0.610 -999.9    330
SAUKU 2014  3 16  75   26.5   17.2 24.020  3.600   11.2  0.610 -999.9    330
SAUKU 2014  3 17  76   26.2   17.8 23.940  3.400    3.0  1.050 -999.9    330
SAUKU 2014  3 18  77   28.0   16.6 24.220  4.000    0.3  0.880 -999.9    330
SAUKU 2014  3 19  78   32.5   17.1 23.960  5.000    1.0  1.220 -999.9    330
SAUKU 2014  3 20  79   20.8   15.7 23.740  2.300    1.3  0.860 -999.9    330
SAUKU 2014  3 21  80   23.5   15.6 23.760  3.000    0.8  0.910 -999.9    330
SAUKU 2014  3 22  81   30.0   17.2 23.320  4.300    0.0  0.750 -999.9    330
SAUKU 2014  3 23  82   32.6   19.3 22.910  4.600    0.0  0.840 -999.9    330
SAUKU 2014  3 24  83   29.0   20.6 23.380  3.500    0.0  1.150 -999.9    330
SAUKU 2014  3 25  84   32.5   19.9 24.240  4.500    0.0  1.100 -999.9    330
SAUKU 2014  3 26  85   26.3   17.3 22.830  3.300    4.3  1.310 -999.9    330
SAUKU 2014  3 27  86   17.6   14.3 21.730  1.700   26.2  1.120 -999.9    330
SAUKU 2014  3 28  87   23.0   14.3 22.580  2.900    0.3  0.730 -999.9    330
SAUKU 2014  3 29  88   27.9   14.6 22.510  4.000    0.0  0.660 -999.9    330
SAUKU 2014  3 30  89   24.9   17.5 21.360  2.800    0.0  0.980 -999.9    330
SAUKU 2014  3 31  90   28.6   16.3 22.170  3.900    0.0  0.850 -999.9    330
SAUKU 2014  4  1  91   32.5   19.9 21.190  4.300    0.0  0.590 -999.9    330
SAUKU 2014  4  2  92   26.3   17.3 21.730  3.100    4.3  0.770 -999.9    330
SAUKU 2014  4  3  93   17.6   14.3 22.690  1.600   26.2  0.810 -999.9    330
SAUKU 2014  4  4  94   23.0   14.3 21.350  2.800    0.3  0.770 -999.9    330
SAUKU 2014  4  5  95   27.9   14.6 21.920  3.800    0.0  1.250 -999.9    330
SAUKU 2014  4  6  96   24.9   17.5 22.020  2.700    0.0  1.130 -999.9    330
SAUKU 2014  4  7  97   28.6   16.3 21.760  3.700    0.0  0.660 -999.9    330
SAUKU 2014  4  8  98   22.8   15.1 21.200  2.600    0.0  0.860 -999.9    330
SAUKU 2014  4  9  99   25.1   14.7 21.080  3.100    0.0  1.020 -999.9    330
SAUKU 2014  4 10 100   25.9   14.1 21.000  3.300    0.0  1.010 -999.9    330
SAUKU 2014  4 11 101   27.1   14.2 21.090  3.500    0.3  0.940 -999.9    330
SAUKU 2014  4 12 102   29.3   13.7 21.010  4.000    0.0  0.750 -999.9    330
SAUKU 2014  4 13 103   28.9   15.6 20.960  3.700    0.0  0.770 -999.9    330
SAUKU 2014  4 14 104   28.9   15.5 19.760  3.700    0.0  0.590 -999.9    330
SAUKU 2014  4 15 105   21.0   12.4 18.050  2.400    4.3  1.690 -999.9    330
SAUKU 2014  4 16 106   17.1   12.1 18.980  1.700    0.8  0.970 -999.9    330
SAUKU 2014  4 17 107   20.3   12.3 19.260  2.300    0.0  0.710 -999.9    330
SAUKU 2014  4 18 108   27.9   13.0 19.760  3.600    0.0  0.570 -999.9    330
SAUKU 2014  4 19 109   29.7   15.6 19.050  3.700    0.0  0.710 -999.9    330
SAUKU 2014  4 20 110   27.3   16.9 18.020  3.000    0.0  0.590 -999.9    330
SAUKU 2014  4 21 111   28.4   15.6 18.420  3.400    0.3  0.670 -999.9    330
SAUKU 2014  4 22 112   29.1   17.0 17.510  3.300    0.0  0.610 -999.9    330
SAUKU 2014  4 23 113   17.7   14.2 17.440  1.400    3.8  0.890 -999.9    330
SAUKU 2014  4 24 114   21.5   11.5 18.090  2.500    0.5  0.800 -999.9    330
SAUKU 2014  4 25 115   22.5   11.7 18.760  2.600    0.0  0.960 -999.9    330
SAUKU 2014  4 26 116   24.8   10.8 18.840  3.100    0.0  0.810 -999.9    330
SAUKU 2014  4 27 117   18.4    9.6 17.870  2.100    0.0  1.510 -999.9    330
SAUKU 2014  4 28 118   22.2    8.0 18.780  2.800    0.0  0.700 -999.9    330
SAUKU 2014  4 29 119   27.6   11.6 18.330  3.400    0.0  0.690 -999.9    330
SAUKU 2014  4 30 120   21.7   11.7 17.180  2.400    0.0  0.870 -999.9    330
SAUKU 2014  5  1 121   25.6   12.5 17.590  2.900    0.0  1.120 -999.9    330
SAUKU 2014  5  2 122   28.8   16.1 17.810  3.200    0.0  0.620 -999.9    330
SAUKU 2014  5  3 123   20.4   14.1 17.710  1.800    0.0  0.850 -999.9    330
SAUKU 2014  5  4 124   22.3   11.0 17.420  2.500    0.0  0.640 -999.9    330
SAUKU 2014  5  5 125   29.7   12.0 15.820  3.600    0.0  1.620 -999.9    330
SAUKU 2014  5  6 126   20.9    8.0 15.810  2.500    0.0  0.660 -999.9    330
SAUKU 2014  5  7 127   14.7    8.0 16.210  1.500    0.0  0.730 -999.9    330
SAUKU 2014  5  8 128   18.9    8.0 15.590  2.100    0.0  0.680 -999.9    330
SAUKU 2014  5  9 129   26.0    9.3 15.910  3.100    0.0  0.870 -999.9    330
SAUKU 2014  5 10 130   27.0   13.8 15.960  2.900    0.0  0.620 -999.9    330
SAUKU 2014  5 11 131   14.2    8.0 15.810  1.400    0.8  0.480 -999.9    330
SAUKU 2014  5 12 132   20.0   13.6 16.390  1.700    0.5  0.800 -999.9    330
SAUKU 2014  5 13 133   23.4   11.2 16.130  2.500    0.3  0.910 -999.9    330
SAUKU 2014  5 14 134   21.5   10.0 15.590  2.300    0.0  1.090 -999.9    330
SAUKU 2014  5 15 135   22.5   10.8 15.580  2.400    0.0  0.710 -999.9    330
SAUKU 2014  5 16 136   22.7   11.2 15.620  2.300    0.0  0.920 -999.9    330
SAUKU 2014  5 17 137   23.1   13.4 15.470  2.200    0.0  1.020 -999.9    330
SAUKU 2014  5 18 138   19.6   10.6 15.400  1.900    0.0  0.670 -999.9    330
SAUKU 2014  5 19 139   18.2    8.0 14.870  1.900    0.0  0.660 -999.9    330
SAUKU 2014  5 20 140   23.4    8.0 14.690  2.700    0.3  0.750 -999.9    330
SAUKU 2014  5 21 141   25.8   13.2 14.700  2.600    0.0  1.150 -999.9    330
SAUKU 2014  5 22 142   21.7   13.1 14.500  1.900    0.0  0.850 -999.9    330
SAUKU 2014  5 23 143   19.9   12.2 14.700  1.700    0.0  0.720 -999.9    330
SAUKU 2014  5 24 144   26.6   10.4 14.730  2.900    0.3  0.790 -999.9    330
SAUKU 2014  5 25 145   29.4   15.2 14.750  3.000    0.0  0.880 -999.9    330
SAUKU 2014  5 26 146   29.3   17.1 13.990  2.700    0.0  0.760 -999.9    330
SAUKU 2014  5 27 147   26.4   12.9 14.420  2.600    0.0  0.640 -999.9    330
SAUKU 2014  5 28 148   26.8   12.6 14.720  2.700    0.0  0.770 -999.9    330
SAUKU 2014  5 29 149   29.3   14.8 14.070  2.900    0.0  0.860 -999.9    330
SAUKU 2014  5 30 150   23.7   13.5 14.260  2.100    0.0  1.020 -999.9    330
SAUKU 2014  5 31 151   28.1   12.1 14.070  2.900    0.3  0.700 -999.9    330
SAUKU 2014  6  1 152   25.0   10.2 14.270  2.600    0.0  0.880 -999.9    330
SAUKU 2014  6  2 153   28.8   16.1 13.590  2.700    0.0  0.770 -999.9    330
SAUKU 2014  6  3 154   20.4   14.1 14.290  1.500    0.0  0.760 -999.9    330
SAUKU 2014  6  4 155   22.3   11.0 14.280  2.100    0.3  0.950 -999.9    330
SAUKU 2014  6  5 156   29.7   12.0 13.010  3.100    0.0  1.370 -999.9    330
SAUKU 2014  6  6 157   20.9    6.6 14.600  2.200    1.3  1.470 -999.9    330
SAUKU 2014  6  7 158   14.7    5.9 14.250  1.500    0.3  0.770 -999.9    330
SAUKU 2014  6  8 159   18.9    4.5 14.260  2.100    0.0  0.730 -999.9    330
SAUKU 2014  6  9 160   26.0    9.3 14.590  2.700    0.0  0.750 -999.9    330
SAUKU 2014  6 10 161   27.0   13.8 14.240  2.500    0.0  1.210 -999.9    330
SAUKU 2014  6 11 162   14.2    7.9 14.240  1.200    0.0  0.820 -999.9    330
SAUKU 2014  6 12 163   18.9    6.0 14.630  2.000    0.0  0.710 -999.9    330
SAUKU 2014  6 13 164   20.8    6.5 14.120  2.200    0.3  0.840 -999.9    330
SAUKU 2014  6 14 165   22.5    7.2 14.290  2.400    0.0  0.740 -999.9    330
SAUKU 2014  6 15 166   26.2    8.8 13.810  2.800    0.0  0.920 -999.9    330
SAUKU 2014  6 16 167   29.5   12.4 13.950  3.000    0.0  0.770 -999.9    330
SAUKU 2014  6 17 168   20.6   10.6 12.120  1.800    0.0  0.780 -999.9    330
SAUKU 2014  6 18 169   19.3   10.7 13.180  1.700    0.0  0.660 -999.9    330
SAUKU 2014  6 19 170   26.9    9.0 14.160  2.800    0.0  1.050 -999.9    330
SAUKU 2014  6 20 171   19.6    8.9 14.180  1.800    0.0  0.650 -999.9    330
SAUKU 2014  6 21 172   17.8    6.6 13.950  1.800    0.0  0.730 -999.9    330
SAUKU 2014  6 22 173   21.7    6.3 13.760  2.300    0.0  0.710 -999.9    330
SAUKU 2014  6 23 174   25.7    8.1 14.250  2.700    0.0  0.920 -999.9    330
SAUKU 2014  6 24 175   27.2   11.4 13.580  2.700    0.0  0.990 -999.9    330
SAUKU 2014  6 25 176   23.4   11.0 13.930  2.200    0.0  0.820 -999.9    330
SAUKU 2014  6 26 177   23.4    9.0 13.030  2.400    0.0  0.980 -999.9    330
SAUKU 2014  6 27 178   27.7   12.0 22.960  2.800    0.0  0.650 -999.9    330
SAUKU 2014  6 28 179   14.2   11.0 14.420  0.900    2.3  0.710 -999.9    330
SAUKU 2014  6 29 180   18.3   10.7 13.330  1.500    0.0  0.710 -999.9    330
SAUKU 2014  6 30 181   25.6    9.4 12.790  2.700    0.3  0.750 -999.9    330
SAUKU 2014  7  1 182   28.3   14.7 13.180  2.700    0.0  0.970 -999.9    330
SAUKU 2014  7  2 183   27.1   12.6 13.240  2.600    0.0  0.800 -999.9    330
SAUKU 2014  7  3 184   26.9   11.7 13.000  2.700    0.0  0.870 -999.9    330
SAUKU 2014  7  4 185   26.8   12.1 12.920  2.600    0.0  0.790 -999.9    330
SAUKU 2014  7  5 186   27.2   11.1 13.430  2.800    0.3  1.280 -999.9    330
SAUKU 2014  7  6 187   11.1    7.4 21.360  0.900    0.3  0.740 -999.9    330
SAUKU 2014  7  7 188    9.7    6.8 13.480  0.800    0.5  1.040 -999.9    330
SAUKU 2014  7  8 189   12.2    4.2 14.200  1.300    0.0  1.070 -999.9    330
SAUKU 2014  7  9 190   16.9    2.9 14.870  1.900    0.0  0.740 -999.9    330
SAUKU 2014  7 10 191   17.4    3.6 14.670  2.000    0.0  0.850 -999.9    330
SAUKU 2014  7 11 192   22.3    2.3 14.240  2.700    0.0  0.750 -999.9    330
SAUKU 2014  7 12 193   23.0    7.4 14.120  2.500    0.0  0.780 -999.9    330
SAUKU 2014  7 13 194   19.8    6.5 14.420  2.100    0.0  0.800 -999.9    330
SAUKU 2014  7 14 195   18.0    5.9 14.440  1.900    0.0  0.880 -999.9    330
SAUKU 2014  7 15 196   20.0    5.5 14.410  2.200    0.0  0.660 -999.9    330
SAUKU 2014  7 16 197   28.0    8.3 14.740  3.200    0.0  0.820 -999.9    330
SAUKU 2014  7 17 198   28.2   12.9 15.290  2.900    0.0  0.760 -999.9    330
SAUKU 2014  7 18 199   20.3   11.1 14.120  1.900    0.0  0.850 -999.9    330
SAUKU 2014  7 19 200   20.5    7.6 15.330  2.200    0.0  0.980 -999.9    330
SAUKU 2014  7 20 201   20.3    7.1 15.040  2.200    0.0  0.740 -999.9    330
SAUKU 2014  7 21 202   21.6    9.4 14.710  2.200    0.0  0.730 -999.9    330
SAUKU 2014  7 22 203   23.3    7.0 14.880  2.700    0.0  0.770 -999.9    330
SAUKU 2014  7 23 204   22.0   10.7 14.580  2.200    0.0  0.970 -999.9    330
SAUKU 2014  7 24 205   25.9    6.7 15.250  3.100    0.0  0.660 -999.9    330
SAUKU 2014  7 25 206   29.5   13.1 15.640  3.200    0.0  0.770 -999.9    330
SAUKU 2014  7 26 207   17.9    9.3 15.100  1.800    0.0  1.010 -999.9    330
SAUKU 2014  7 27 208   19.7    7.4 15.850  2.200    0.0  0.840 -999.9    330
SAUKU 2014  7 28 209   19.1    7.3 15.540  2.100    0.0  0.950 -999.9    330
SAUKU 2014  7 29 210   23.5    6.5 15.740  2.800    0.0  0.950 -999.9    330
SAUKU 2014  7 30 211   25.1   10.2 15.560  2.800    0.0  0.840 -999.9    330
SAUKU 2014  7 31 212   25.3   12.0 15.270  2.700    0.0  0.930 -999.9    330
SAUKU 2014  8  1 213   22.3   11.8 15.270  2.300    0.0  0.880 -999.9    330
SAUKU 2014  8  2 214   28.5   10.0 15.060  3.500    0.0  0.750 -999.9    330
SAUKU 2014  8  3 215   29.9   14.6 15.640  3.300    0.0  0.900 -999.9    330
SAUKU 2014  8  4 216   28.9   13.6 15.670  3.300    0.0  0.840 -999.9    330
SAUKU 2014  8  5 217   26.8   12.9 15.880  3.000    0.0  1.120 -999.9    330
SAUKU 2014  8  6 218   22.0   12.5 15.940  2.200    0.0  0.680 -999.9    330
SAUKU 2014  8  7 219   22.7   14.5 14.700  2.100    0.0  0.740 -999.9    330
SAUKU 2014  8  8 220   24.4   13.2 15.110  2.600    0.0  0.980 -999.9    330
SAUKU 2014  8  9 221   23.6   11.4 15.820  2.700    0.0  0.910 -999.9    330
SAUKU 2014  8 10 222   22.9   12.6 15.370  2.400    0.0  1.310 -999.9    330
SAUKU 2014  8 11 223   23.5   12.5 14.620  2.600    0.0  0.880 -999.9    330
SAUKU 2014  8 12 224   27.0   12.5 15.790  3.200    0.0  0.910 -999.9    330
SAUKU 2014  8 13 225   28.9   14.8 16.570  3.400    0.0  0.880 -999.9    330
SAUKU 2014  8 14 226   23.0   11.5 16.960  2.600    0.0  1.370 -999.9    330
SAUKU 2014  8 15 227   16.4   11.1 16.280  1.600    1.5  0.660 -999.9    330
SAUKU 2014  8 16 228   18.4   12.3 16.270  1.800    0.3  0.840 -999.9    330
SAUKU 2014  8 17 229   23.5   12.4 17.220  2.700    0.0  1.110 -999.9    330
SAUKU 2014  8 18 230   29.3   10.0 17.470  4.000    0.0  0.800 -999.9    330
SAUKU 2014  8 19 231   28.9   17.4 17.620  3.200    0.0  0.940 -999.9    330
SAUKU 2014  8 20 232   27.2   15.3 16.830  3.100    1.0  0.910 -999.9    330
SAUKU 2014  8 21 233   24.6   12.2 16.660  3.000    3.8  1.020 -999.9    330
SAUKU 2014  8 22 234   21.3    8.3 20.040  2.800    0.0  1.210 -999.9    330
SAUKU 2014  8 23 235   23.8    5.6 20.300  3.500    0.0  1.020 -999.9    330
SAUKU 2014  8 24 236   20.3    7.6 20.160  2.700    0.0  1.520 -999.9    330
SAUKU 2014  8 25 237   21.6    6.8 20.480  3.000    0.0  0.950 -999.9    330
SAUKU 2014  8 26 238   28.1    6.7 20.730  4.200    0.0  1.020 -999.9    330
SAUKU 2014  8 27 239   31.2   11.0 20.220  4.500    0.0  1.030 -999.9    330
SAUKU 2014  8 28 240   22.4   10.8 19.500  2.900    0.0  1.110 -999.9    330
SAUKU 2014  8 29 241   15.3    6.4 20.800  2.100    0.0  2.260 -999.9    330
SAUKU 2014  8 30 242   17.6    8.6 21.260  2.300    0.0  2.310 -999.9    330
SAUKU 2014  8 31 243   20.3    7.7 21.010  2.800    0.0  1.590 -999.9    330
SAUKU 2014  9  1 244   20.5    9.0 21.310  2.800    0.0  0.970 -999.9    330
SAUKU 2014  9  2 245   22.3    6.9 21.700  3.300    0.0  0.970 -999.9    330
SAUKU 2014  9  3 246   28.4    8.2 22.040  4.400    0.0  1.110 -999.9    330
SAUKU 2014  9  4 247   27.8   12.0 21.860  4.000    0.0  1.040 -999.9    330
SAUKU 2014  9  5 248   28.1   10.8 21.580  4.200    0.0  1.200 -999.9    330
SAUKU 2014  9  6 249   32.1   13.3 21.370  4.800    0.0  0.980 -999.9    330
SAUKU 2014  9  7 250   28.1   11.2 21.580  4.200    0.0  0.880 -999.9    330
SAUKU 2014  9  8 251   25.7   15.2 22.040  3.200    0.0  1.300 -999.9    330
SAUKU 2014  9  9 252   28.1   14.6 21.960  3.900    0.0  1.200 -999.9    330
SAUKU 2014  9 10 253   24.6   12.2 21.730  3.400    1.3  1.360 -999.9    330
SAUKU 2014  9 11 254   23.8   12.4 21.810  3.300    0.0  1.330 -999.9    330
SAUKU 2014  9 12 255   24.9   14.3 21.910  3.300    0.0  1.450 -999.9    330
SAUKU 2014  9 13 256   27.4   13.6 21.800  3.900    0.0  1.180 -999.9    330
SAUKU 2014  9 14 257   32.8   14.9 21.610  5.000    0.0  0.880 -999.9    330
SAUKU 2014  9 15 258   35.7   15.7 21.180  5.600    0.0  1.200 -999.9    330
SAUKU 2014  9 16 259   32.4   15.8 20.820  4.900    0.0  0.970 -999.9    330
SAUKU 2014  9 17 260   33.1   14.4 21.250  5.200    0.0  0.850 -999.9    330
SAUKU 2014  9 18 261   36.3   14.7 21.590  6.000    0.0  1.610 -999.9    330
SAUKU 2014  9 19 262   19.6   10.0 23.100  2.800    1.8  1.300 -999.9    330
SAUKU 2014  9 20 263   17.9   10.2 22.290  2.500    0.0  1.190 -999.9    330
SAUKU 2014  9 21 264   25.2    8.5 23.590  4.200    0.0  0.960 -999.9    330
SAUKU 2014  9 22 265   27.8   10.8 22.520  4.600    0.0  1.170 -999.9    330
SAUKU 2014  9 23 266   32.3   15.3 22.350  5.100    0.0  0.980 -999.9    330
SAUKU 2014  9 24 267   30.0   14.6 21.890  4.700    0.0  1.320 -999.9    330
SAUKU 2014  9 25 268   26.8   14.2 24.090  4.000    0.0  1.210 -999.9    330
SAUKU 2014  9 26 269   31.7   12.1 24.170  5.400    0.0  1.450 -999.9    330
SAUKU 2014  9 27 270   23.1   11.8 23.470  3.500    2.0  1.900 -999.9    330
SAUKU 2014  9 28 271   13.0   11.0 22.990  1.300    5.8  1.190 -999.9    330
SAUKU 2014  9 29 272   27.6   12.2 23.440  4.500    0.8  1.200 -999.9    330
SAUKU 2014  9 30 273   28.4   11.3 24.910  4.900    0.3  1.000 -999.9    330
SAUKU 2014 10  1 274   18.2   11.5 26.040  2.500    2.0  2.590 -999.9    330
SAUKU 2014 10  2 275   13.8    9.9 25.390  1.700    2.5  1.100 -999.9    330
SAUKU 2014 10  3 276   17.1    9.1 25.850  2.600    0.0  1.070 -999.9    330
SAUKU 2014 10  4 277   21.9    8.8 26.740  3.700    0.0  1.040 -999.9    330
SAUKU 2014 10  5 278   21.7   12.3 26.560  3.300    0.0  0.800 -999.9    330
SAUKU 2014 10  6 279   28.2   12.6 26.760  4.800    0.0  1.050 -999.9    330
SAUKU 2014 10  7 280   35.2   16.6 26.060  6.100    0.0  1.050 -999.9    330
SAUKU 2014 10  8 281   24.4   14.4 26.180  3.700    1.8  1.270 -999.9    330
SAUKU 2014 10  9 282   14.5   11.6 25.730  1.600    2.0  1.390 -999.9    330
SAUKU 2014 10 10 283   13.2   10.1 25.940  1.600    1.0  1.090 -999.9    330
SAUKU 2014 10 11 284   26.3   11.6 24.460  4.600    5.6  1.230 -999.9    330
SAUKU 2014 10 12 285   25.5   16.9 25.130  3.600    3.0  1.340 -999.9    330
SAUKU 2014 10 13 286   21.4   13.7 26.410  3.100    0.0  1.770 -999.9    330
SAUKU 2014 10 14 287   21.9   12.4 27.630  3.400    0.0  1.270 -999.9    330
SAUKU 2014 10 15 288   21.6   12.2 26.550  3.400    0.8  1.190 -999.9    330
SAUKU 2014 10 16 289   18.4   11.3 25.600  2.800   15.0  1.340 -999.9    330
SAUKU 2014 10 17 290   17.2   10.8 28.290  2.600    0.0  3.020 -999.9    330
SAUKU 2014 10 18 291   18.6   10.9 28.610  2.900    0.0  1.810 -999.9    330
SAUKU 2014 10 19 292   21.9    9.3 29.150  4.000    0.3  0.970 -999.9    330
SAUKU 2014 10 20 293   18.7   13.1 27.920  2.600    1.8  0.920 -999.9    330
SAUKU 2014 10 21 294   17.8   13.0 26.820  2.400    2.5  1.030 -999.9    330
SAUKU 2014 10 22 295   18.4   13.0 27.460  2.500    0.0  1.290 -999.9    330
SAUKU 2014 10 23 296   24.5   12.0 28.480  4.300    0.0  1.480 -999.9    330
SAUKU 2014 10 24 297   24.4   16.0 27.990  3.600    0.0  1.090 -999.9    330
SAUKU 2014 10 25 298   22.0   13.4 26.590  3.500    4.3  1.050 -999.9    330
SAUKU 2014 10 26 299   14.8   12.7 27.710  1.500    3.3  1.380 -999.9    330
SAUKU 2014 10 27 300   24.1   12.5 28.720  4.200    0.0  1.750 -999.9    330
SAUKU 2014 10 28 301   30.4   14.2 28.390  5.600    2.8  0.760 -999.9    330
SAUKU 2014 10 29 302   32.2   16.9 28.540  5.800    0.0  0.920 -999.9    330
SAUKU 2014 10 30 303   33.6   16.8 28.600  6.200    0.5  1.420 -999.9    330
SAUKU 2014 10 31 304   17.1   12.8 28.690  2.300    2.8  1.370 -999.9    330
SAUKU 2014 11  1 305   15.7   12.2 27.520  2.000    2.3  0.980 -999.9    330
SAUKU 2014 11  2 306   24.4   15.2 27.100  3.900    8.9  0.530 -999.9    330
SAUKU 2014 11  3 307   22.9   15.4 26.850  3.500    0.0  1.020 -999.9    330
SAUKU 2014 11  4 308   29.9   14.5 28.470  5.600    2.0  1.240 -999.9    330
SAUKU 2014 11  5 309   23.1   13.6 30.300  3.900    0.5  1.730 -999.9    330
SAUKU 2014 11  6 310   19.0   12.6 30.020  2.900    1.3  1.150 -999.9    330
SAUKU 2014 11  7 311   17.1   12.6 28.800  2.400    8.6  1.170 -999.9    330
SAUKU 2014 11  8 312   23.7   12.5 29.790  4.300    0.0  1.340 -999.9    330
SAUKU 2014 11  9 313   32.1   17.1 30.240  5.900    0.3  0.980 -999.9    330
SAUKU 2014 11 10 314   20.7   14.7 29.380  3.000   13.2  1.430 -999.9    330
SAUKU 2014 11 11 315   17.6   13.9 28.340  2.200    1.5  1.120 -999.9    330
SAUKU 2014 11 12 316   24.6   16.3 28.080  3.900    0.8  1.430 -999.9    330
SAUKU 2014 11 13 317   27.0   15.7 30.450  4.700    0.0  1.310 -999.9    330
SAUKU 2014 11 14 318   26.8   15.4 30.500  4.700    0.0  1.340 -999.9    330
SAUKU 2014 11 15 319   28.9   11.8 30.480  5.800    0.3  1.620 -999.9    330
SAUKU 2014 11 16 320   16.0   10.4 32.080  2.600    0.3  1.370 -999.9    330
SAUKU 2014 11 17 321   21.0   10.1 32.710  4.000    0.0  1.380 -999.9    330
SAUKU 2014 11 18 322   21.0   11.4 31.520  3.800    0.0  0.930 -999.9    330
SAUKU 2014 11 19 323   20.9   13.1 31.030  3.500    0.0  1.020 -999.9    330
SAUKU 2014 11 20 324   25.7   14.4 30.800  4.600    0.8  1.070 -999.9    330
SAUKU 2014 11 21 325   18.8   14.3 30.480  2.600    2.0  1.030 -999.9    330
SAUKU 2014 11 22 326   26.5   15.5 31.100  4.700    0.3  1.070 -999.9    330
SAUKU 2014 11 23 327   23.9   16.7 30.050  3.700   12.7  0.510 -999.9    330
SAUKU 2014 11 24 328   26.8   16.2 31.230  4.700    0.3  1.620 -999.9    330
SAUKU 2014 11 25 329   22.3   14.9 30.440  3.600    4.3  1.150 -999.9    330
SAUKU 2014 11 26 330   19.9   14.8 31.060  2.800    0.5  1.630 -999.9    330
SAUKU 2014 11 27 331   28.1   16.1 30.800  5.100   16.3  0.980 -999.9    330
SAUKU 2014 11 28 332   20.8   15.2 30.910  3.100    1.5  1.450 -999.9    330
SAUKU 2014 11 29 333   20.8   14.7 30.890  3.200    2.8  1.090 -999.9    330
SAUKU 2014 11 30 334   18.3   14.7 30.750  2.400    1.3  1.130 -999.9    330
SAUKU 2014 12  1 335   24.7   14.8 32.570  4.300    0.3  1.230 -999.9    330
SAUKU 2014 12  2 336   27.1   14.8 32.880  5.000    0.0  1.300 -999.9    330
SAUKU 2014 12  3 337   26.2   13.9 31.180  4.900    6.6  1.120 -999.9    330
SAUKU 2014 12  4 338   25.8   15.4 30.440  4.600    0.3  1.070 -999.9    330
SAUKU 2014 12  5 339   19.7   15.2 30.820  2.700    0.0  1.300 -999.9    330
SAUKU 2014 12  6 340   18.6   14.6 31.080  2.500    0.0  1.010 -999.9    330
SAUKU 2014 12  7 341   24.2   15.8 31.510  4.000    0.0  1.510 -999.9    330
SAUKU 2014 12  8 342   20.1   16.3 31.820  2.600    1.0  1.590 -999.9    330
SAUKU 2014 12  9 343   26.7   16.0 31.350  4.700    0.0  1.310 -999.9    330
SAUKU 2014 12 10 344   23.8   17.4 30.560  3.500    3.3  0.950 -999.9    330
SAUKU 2014 12 11 345   26.4   16.8 30.930  4.500    0.0  1.090 -999.9    330
SAUKU 2014 12 12 346   32.2   16.5 31.890  6.300    9.4  1.430 -999.9    330
SAUKU 2014 12 13 347   18.6   15.2 31.450  2.400    1.3  1.320 -999.9    330
SAUKU 2014 12 14 348   31.8   16.0 32.020  6.300    1.0  1.050 -999.9    330
SAUKU 2014 12 15 349   22.4   16.6 30.140  3.300    4.6  1.490 -999.9    330
SAUKU 2014 12 16 350   18.4   15.5 31.170  2.200    6.6  1.600 -999.9    330
SAUKU 2014 12 17 351   23.1   14.7 31.480  3.900    0.3  0.870 -999.9    330
SAUKU 2014 12 18 352   30.3   16.4 32.690  5.800    0.0  0.880 -999.9    330
SAUKU 2014 12 19 353   29.3   16.5 31.330  5.500    0.0  0.860 -999.9    330
SAUKU 2014 12 20 354   24.8   16.9 31.480  4.000    1.3  1.160 -999.9    330
SAUKU 2014 12 21 355   30.3   17.0 32.710  5.700    0.3  1.220 -999.9    330
SAUKU 2014 12 22 356   23.7   16.6 31.570  3.700    0.0  1.190 -999.9    330
SAUKU 2014 12 23 357   35.9   16.8 32.020  7.400    7.6  1.090 -999.9    330
SAUKU 2014 12 24 358   22.5   18.1 32.140  2.900    1.5  1.230 -999.9    330
SAUKU 2014 12 25 359   37.5   17.7 32.550  7.800    0.0  1.200 -999.9    330
SAUKU 2014 12 26 360   25.0   17.5 31.400  4.000    1.5  1.340 -999.9    330
SAUKU 2014 12 27 361   22.9   17.1 30.780  3.300    2.0  1.310 -999.9    330
SAUKU 2014 12 28 362   27.5   18.2 31.760  4.600    0.3  1.690 -999.9    330
SAUKU 2014 12 29 363   25.4   17.6 32.620  4.000    0.5  1.150 -999.9    330
SAUKU 2014 12 30 364   22.3   16.4 31.680  3.300    2.3  1.010 -999.9    330
SAUKU 2014 12 31 365   20.1   16.1 30.500  2.600   31.2  1.460 -999.9    330
