GHKP 2008  1  1   1   24.4   33.0 15.600  3.801    0.0  1.400 -999.9    330
GHKP 2008  1  2   2   23.0   33.0 15.600  3.288    0.0  0.400 -999.9    330
GHKP 2008  1  3   3   21.2   33.0 18.200  4.262    0.0  1.200 -999.9    330
GHKP 2008  1  4   4   19.0   34.0 18.700  4.811    0.0  1.700 -999.9    330
GHKP 2008  1  5   5   20.5   32.5 17.500  4.579    0.0  1.900 -999.9    330
GHKP 2008  1  6   6   24.0   29.5 13.400  3.525    0.0  1.500 -999.9    330
GHKP 2008  1  7   7   22.6   29.7  9.100  3.384    0.0  1.600 -999.9    330
GHKP 2008  1  8   8   22.2   32.6 18.600  5.068    0.0  1.700 -999.9    330
GHKP 2008  1  9   9   23.2   33.8 18.000  4.013    0.0  0.700 -999.9    330
GHKP 2008  1 10  10   19.6   32.7 15.600  3.078    0.0  0.300 -999.9    330
GHKP 2008  1 11  11   19.1   34.3 15.400  3.988    0.0  1.100 -999.9    330
GHKP 2008  1 12  12   19.0   33.5 19.100  4.484    0.0  1.500 -999.9    330
GHKP 2008  1 13  13   22.1   35.0 19.000  4.470    0.0  1.600 -999.9    330
GHKP 2008  1 14  14   22.0   34.0 19.400  4.564    0.0  2.000 -999.9    330
GHKP 2008  1 15  15   23.7   32.0 19.200  4.246    0.0  1.500 -999.9    330
GHKP 2008  1 16  16   24.1   34.5 14.000  3.407    0.0  1.200 -999.9    330
GHKP 2008  1 17  17   21.5   33.5 18.200  3.770    0.0  0.500 -999.9    330
GHKP 2008  1 18  18   19.0   33.1 17.400  3.807    0.0  0.700 -999.9    330
GHKP 2008  1 19  19   19.0   32.5 13.700  3.531    0.0  1.000 -999.9    330
GHKP 2008  1 20  20   19.9   33.2 13.000  3.207    0.0  0.700 -999.9    330
GHKP 2008  1 21  21   18.4   31.7 15.900  4.077    0.0  1.300 -999.9    330
GHKP 2008  1 22  22   16.5   32.0 18.500  4.317    0.0  1.300 -999.9    330
GHKP 2008  1 23  23   17.1   33.2 19.500  4.054    0.0  0.700 -999.9    330
GHKP 2008  1 24  24   16.6   34.0 18.100  3.804    0.0  0.600 -999.9    330
GHKP 2008  1 25  25   16.9   34.9 18.100  4.100    0.0  0.800 -999.9    330
GHKP 2008  1 26  26   16.6   33.5 18.500  4.463    0.0  1.100 -999.9    330
GHKP 2008  1 27  27   17.2   32.4 17.600  4.367    0.0  1.200 -999.9    330
GHKP 2008  1 28  28   17.0   33.0 19.900  5.142    0.0  1.500 -999.9    330
GHKP 2008  1 29  29   17.0   34.0 14.700  4.485    0.0  1.400 -999.9    330
GHKP 2008  1 30  30   18.2   35.0  9.100  3.910    0.0  1.300 -999.9    330
GHKP 2008  1 31  31   19.5   35.0 17.900  4.936    0.0  1.500 -999.9    330
GHKP 2008  2  1  32   19.0   34.6 18.400  3.954    0.0  0.600 -999.9    330
GHKP 2008  2  2  33   20.2   35.3 16.600  4.355    0.0  1.200 -999.9    330
GHKP 2008  2  3  34   21.6   36.1 17.000  4.411    0.0  1.600 -999.9    330
GHKP 2008  2  4  35   23.6   35.3 12.500  3.753    0.0  1.600 -999.9    330
GHKP 2008  2  5  36   25.0   36.4 16.700  4.560    0.0  1.900 -999.9    330
GHKP 2008  2  6  37   24.6   35.4 17.000  4.591    0.0  1.700 -999.9    330
GHKP 2008  2  7  38   25.0   33.5 16.000  4.182    0.0  1.900 -999.9    330
GHKP 2008  2  8  39   24.6   34.0 19.000  4.469    0.0  1.500 -999.9    330
GHKP 2008  2  9  40   25.5   36.4 12.900  3.580    0.0  1.300 -999.9    330
GHKP 2008  2 10  41   23.5   36.1 21.000  4.758    0.0  1.100 -999.9    330
GHKP 2008  2 11  42   24.2   35.5 20.300  4.832    0.0  1.500 -999.9    330
GHKP 2008  2 12  43   24.3   36.0 20.900  4.775    0.0  1.000 -999.9    330
GHKP 2008  2 13  44   24.7   36.0 20.500  4.748    0.0  1.000 -999.9    330
GHKP 2008  2 14  45   24.5   35.0 20.500  4.846    0.0  1.300 -999.9    330
GHKP 2008  2 15  46   24.6   36.2 19.400  4.936    0.0  1.300 -999.9    330
GHKP 2008  2 16  47   24.5   36.0 18.400  4.651    0.0  1.200 -999.9    330
GHKP 2008  2 17  48   25.6   37.5 15.700  3.883    0.0  0.700 -999.9    330
GHKP 2008  2 18  49   25.0   34.8 20.000  4.404    0.0  0.600 -999.9    330
GHKP 2008  2 19  50   24.0   35.2 17.900  4.574    0.0  1.400 -999.9    330
GHKP 2008  2 20  51   25.5   35.9 18.400  4.506    0.0  1.000 -999.9    330
GHKP 2008  2 21  52   25.3   35.5 10.900  3.141    0.0  0.800 -999.9    330
GHKP 2008  2 22  53   24.5   35.5  9.100  3.247    0.0  1.000 -999.9    330
GHKP 2008  2 23  54   25.5   36.6  9.100  3.300    0.0  1.400 -999.9    330
GHKP 2008  2 24  55   25.8   35.6  9.100  3.269    0.0  2.000 -999.9    330
GHKP 2008  2 25  56   27.5   36.1 14.100  4.010    0.0  2.100 -999.9    330
GHKP 2008  2 26  57   26.6   36.0 16.200  4.282    0.0  1.800 -999.9    330
GHKP 2008  2 27  58   26.9   34.5 18.200  4.573    9.0  1.600 -999.9    330
GHKP 2008  2 28  59   24.4   35.0 12.600  3.461    0.0  1.700 -999.9    330
GHKP 2008  2 29  60   24.5   35.7 14.900  3.879    0.0  1.400 -999.9    330
GHKP 2008  3  1  61   24.0   36.4 16.100  4.030    0.0  1.400 -999.9    330
GHKP 2008  3  2  62   24.0   36.4 18.400  4.470    0.0  1.600 -999.9    330
GHKP 2008  3  3  63   23.2   35.5 19.300  4.617    0.0  1.600 -999.9    330
GHKP 2008  3  4  64   22.4   34.9 18.900  4.444    6.2  1.500 -999.9    330
GHKP 2008  3  5  65   23.4   34.4 14.600  4.210   42.4  2.000 -999.9    330
GHKP 2008  3  6  66   24.0   33.9 16.100  4.214    0.0  2.200 -999.9    330
GHKP 2008  3  7  67   23.9   35.6 14.200  4.023    0.0  2.100 -999.9    330
GHKP 2008  3  8  68   24.6   31.5 16.100  4.035    0.0  1.700 -999.9    330
GHKP 2008  3  9  69   25.5   36.0 18.600  4.608    0.0  1.700 -999.9    330
GHKP 2008  3 10  70   22.4   33.0 12.700  3.421    0.0  2.300 -999.9    330
GHKP 2008  3 11  71   23.7   33.3 22.600  5.131    3.5  2.000 -999.9    330
GHKP 2008  3 12  72   24.0   35.5 15.000  3.586    0.0  1.100 -999.9    330
GHKP 2008  3 13  73   23.6   34.5 10.100  2.836    0.0  0.700 -999.9    330
GHKP 2008  3 14  74   24.0   35.5 16.200  4.513    0.0  1.700 -999.9    330
GHKP 2008  3 15  75   23.9   35.5 20.100  5.030    0.0  2.100 -999.9    330
GHKP 2008  3 16  76   22.9   34.3 19.200  4.477   11.4  1.800 -999.9    330
GHKP 2008  3 17  77   25.1   34.4 20.100  4.622    0.0  1.700 -999.9    330
GHKP 2008  3 18  78   26.1   34.4 20.400  4.708   10.2  1.600 -999.9    330
GHKP 2008  3 19  79   23.8   35.0 15.400  3.852    0.0  1.800 -999.9    330
GHKP 2008  3 20  80   22.1   34.2 22.000  4.892    0.0  1.800 -999.9    330
GHKP 2008  3 21  81   19.5   34.9 21.400  4.867    0.0  1.700 -999.9    330
GHKP 2008  3 22  82   18.5   33.5 18.000  3.955    0.0  1.800 -999.9    330
GHKP 2008  3 23  83   17.2   35.0 16.900  4.033    0.0  1.600 -999.9    330
GHKP 2008  3 24  84   23.9   35.1 15.400  3.780    1.3  1.600 -999.9    330
GHKP 2008  3 25  85   19.5   35.0 18.900  4.157    0.0  1.200 -999.9    330
GHKP 2008  3 26  86   19.6   34.3 22.400  4.816    0.0  1.500 -999.9    330
GHKP 2008  3 27  87   20.8   35.0 18.600  4.186    0.0  1.900 -999.9    330
GHKP 2008  3 28  88   23.4   36.0 21.800  4.902    0.0  1.700 -999.9    330
GHKP 2008  3 29  89   24.5   29.3 18.500  4.131    0.0  1.700 -999.9    330
GHKP 2008  3 30  90   24.9   33.8 21.900  4.923   12.5  1.600 -999.9    330
GHKP 2008  3 31  91   23.0   35.3 10.100  2.806    0.0  1.600 -999.9    330
GHKP 2008  4  1  92   22.7   32.1 18.400  4.184   42.5  1.900 -999.9    330
GHKP 2008  4  2  93   23.5   33.7 17.600  3.959    0.0  1.500 -999.9    330
GHKP 2008  4  3  94   24.9   32.5 12.600  3.295    0.0  1.800 -999.9    330
GHKP 2008  4  4  95   23.9   32.5 14.600  3.601    7.9  1.300 -999.9    330
GHKP 2008  4  5  96   23.9   33.5 10.200  2.705    0.0  1.600 -999.9    330
GHKP 2008  4  6  97   24.3   33.5 17.700  4.116   10.0  1.100 -999.9    330
GHKP 2008  4  7  98   24.3   34.1 16.100  3.792    0.0  1.400 -999.9    330
GHKP 2008  4  8  99   26.1   34.2 11.000  3.124    0.0  1.300 -999.9    330
GHKP 2008  4  9 100   23.7   33.5 19.500  4.379    0.0  1.600 -999.9    330
GHKP 2008  4 10 101   24.3   34.5 19.900  4.658    0.0  1.600 -999.9    330
GHKP 2008  4 11 102   24.1   34.5 16.600  4.084    0.0  2.000 -999.9    330
GHKP 2008  4 12 103   23.8   34.6 19.900  4.589    0.0  1.400 -999.9    330
GHKP 2008  4 13 104   24.2   35.1 18.100  4.447    0.0  1.600 -999.9    330
GHKP 2008  4 14 105   24.7   35.4 19.500  4.792    0.0  1.800 -999.9    330
GHKP 2008  4 15 106   22.7   34.2 22.300  4.923    0.0  1.700 -999.9    330
GHKP 2008  4 16 107   24.5   33.8 20.800  4.640    1.0  1.500 -999.9    330
GHKP 2008  4 17 108   23.9   33.9 16.900  3.902    0.0  1.400 -999.9    330
GHKP 2008  4 18 109   24.1   34.6 19.300  4.324    0.0  1.100 -999.9    330
GHKP 2008  4 19 110   24.8   35.6 21.200  4.929    0.0  1.200 -999.9    330
GHKP 2008  4 20 111   25.4   36.5 23.700  5.658    0.0  1.400 -999.9    330
GHKP 2008  4 21 112   24.4   33.1 23.800  5.314   22.0  1.500 -999.9    330
GHKP 2008  4 22 113   25.4   33.5 23.700  5.403    0.0  1.700 -999.9    330
GHKP 2008  4 23 114   24.5   31.5 15.000  3.683    0.4  2.100 -999.9    330
GHKP 2008  4 24 115   25.2   34.7 21.500  4.957    0.0  1.500 -999.9    330
GHKP 2008  4 25 116   24.9   31.5 13.900  3.466    0.0  1.000 -999.9    330
GHKP 2008  4 26 117   24.1   32.2 24.800  5.222   13.1  1.600 -999.9    330
GHKP 2008  4 27 118   25.1   32.8 13.500  3.354   10.4  0.900 -999.9    330
GHKP 2008  4 28 119   24.9   34.2 14.100  3.540    0.0  1.300 -999.9    330
GHKP 2008  4 29 120   24.5   35.0 15.600  3.705    0.0  1.100 -999.9    330
GHKP 2008  4 30 121   24.6   34.0 22.500  4.882    0.0  0.700 -999.9    330
GHKP 2008  5  1 122   24.3   30.0 23.100  4.809   31.7  0.900 -999.9    330
GHKP 2008  5  2 123   24.3   33.0 16.700  3.829    0.0  1.300 -999.9    330
GHKP 2008  5  3 124   26.1   33.3 11.200  3.198    0.0  1.500 -999.9    330
GHKP 2008  5  4 125   26.5   33.0 22.200  4.916   15.5  1.500 -999.9    330
GHKP 2008  5  5 126   25.5   33.0 12.900  3.286   10.8  1.600 -999.9    330
GHKP 2008  5  6 127   26.6   34.5 15.700  3.812    0.0  1.400 -999.9    330
GHKP 2008  5  7 128   23.0   33.0 20.200  4.397    0.0  0.900 -999.9    330
GHKP 2008  5  8 129   24.9   34.3 22.400  5.005    0.0  1.400 -999.9    330
GHKP 2008  5  9 130   25.6   34.0 15.300  3.633    0.0  1.200 -999.9    330
GHKP 2008  5 10 131   24.9   33.5 22.600  4.917    7.3  1.200 -999.9    330
GHKP 2008  5 11 132   25.9   32.8 17.000  3.882    0.0  0.900 -999.9    330
GHKP 2008  5 12 133   23.9   32.1 22.200  4.631    1.1  1.100 -999.9    330
GHKP 2008  5 13 134   24.6   33.5 13.500  3.209    0.0  1.100 -999.9    330
GHKP 2008  5 14 135   26.0   31.1 15.100  3.349    0.0  0.900 -999.9    330
GHKP 2008  5 15 136   24.5   33.1 20.200  4.400    0.0  1.400 -999.9    330
GHKP 2008  5 16 137   23.5   34.1 10.800  2.805    0.0  1.600 -999.9    330
GHKP 2008  5 17 138   24.6   32.0 17.100  3.986   41.5  1.200 -999.9    330
GHKP 2008  5 18 139   24.0   33.0 21.800  4.861    0.0  1.500 -999.9    330
GHKP 2008  5 19 140   24.7   34.0 14.800  3.576    0.0  1.400 -999.9    330
GHKP 2008  5 20 141   21.9   33.8 21.100  4.586    0.0  1.400 -999.9    330
GHKP 2008  5 21 142   24.6   34.0 22.800  4.978    0.0  1.400 -999.9    330
GHKP 2008  5 22 143   25.0   31.7 20.000  4.422    0.0  1.600 -999.9    330
GHKP 2008  5 23 144   25.1   31.5 22.800  4.898   11.2  1.800 -999.9    330
GHKP 2008  5 24 145   25.4   32.6 13.500  3.380    2.7  2.100 -999.9    330
GHKP 2008  5 25 146   26.3   33.1 13.000  3.184    0.0  1.600 -999.9    330
GHKP 2008  5 26 147   26.0   30.3 20.900  4.572    0.0  1.400 -999.9    330
GHKP 2008  5 27 148   23.9   31.1 23.100  4.778   26.3  1.200 -999.9    330
GHKP 2008  5 28 149   25.1   31.0 12.200  2.993   10.4  1.600 -999.9    330
GHKP 2008  5 29 150   21.2   31.0 19.800  3.945    0.0  1.000 -999.9    330
GHKP 2008  5 30 151   25.5   32.9 11.200  2.705    0.0  0.800 -999.9    330
GHKP 2008  5 31 152   25.4   32.5 15.700  3.467    0.0  1.100 -999.9    330
GHKP 2008  6  1 153   25.1   30.3 19.100  4.186    0.0  1.300 -999.9    330
GHKP 2008  6  2 154   25.0   29.5 22.800  4.797   82.6  1.500 -999.9    330
GHKP 2008  6  3 155   24.6   33.6 10.500  2.571    0.0  1.600 -999.9    330
GHKP 2008  6  4 156   24.6   29.6  9.600  2.256    0.0  1.100 -999.9    330
GHKP 2008  6  5 157   25.0   30.5 23.100  4.702    4.3  1.100 -999.9    330
GHKP 2008  6  6 158   25.1   33.0 11.900  2.914    0.0  1.400 -999.9    330
GHKP 2008  6  7 159   23.7   31.9 13.200  3.092    0.2  2.000 -999.9    330
GHKP 2008  6  8 160   25.0   31.4 22.600  4.687    0.0  1.700 -999.9    330
GHKP 2008  6  9 161   24.5   32.6 17.700  3.855    0.0  1.500 -999.9    330
GHKP 2008  6 10 162   23.8   33.5 17.200  3.891    0.0  1.600 -999.9    330
GHKP 2008  6 11 163   25.8   28.7 20.700  4.492    0.0  1.600 -999.9    330
GHKP 2008  6 12 164   22.6   30.8 21.300  4.488    8.3  1.800 -999.9    330
GHKP 2008  6 13 165   23.6   31.9 11.900  3.037   77.1  1.500 -999.9    330
GHKP 2008  6 14 166   21.9   32.5  9.600  2.336   24.4  1.400 -999.9    330
GHKP 2008  6 15 167   22.4   29.0 20.000  4.022    1.7  1.400 -999.9    330
GHKP 2008  6 16 168   24.3   27.5 16.500  3.544    0.0  1.900 -999.9    330
GHKP 2008  6 17 169   22.1   28.5 10.800  2.681    1.1  2.100 -999.9    330
GHKP 2008  6 18 170   23.9   32.0  9.600  2.832    0.0  2.000 -999.9    330
GHKP 2008  6 19 171   24.5   31.3  9.600  2.670    0.0  1.400 -999.9    330
GHKP 2008  6 20 172   22.4   32.0 20.200  4.595    0.0  1.600 -999.9    330
GHKP 2008  6 21 173   25.0   31.4 19.200  4.442    0.0  2.000 -999.9    330
GHKP 2008  6 22 174   24.8   30.1 18.700  4.188    0.0  1.800 -999.9    330
GHKP 2008  6 23 175   23.0   30.2 18.700  4.141    0.5  1.800 -999.9    330
GHKP 2008  6 24 176   24.6   31.8  9.900  2.761    5.0  1.700 -999.9    330
GHKP 2008  6 25 177   22.8   32.9 16.100  3.540    1.4  1.600 -999.9    330
GHKP 2008  6 26 178   24.8   31.5 13.300  3.103    0.4  1.100 -999.9    330
GHKP 2008  6 27 179   25.1   31.0 15.400  3.503    0.2  1.100 -999.9    330
GHKP 2008  6 28 180   25.5   30.4 13.400  3.049    2.8  1.200 -999.9    330
GHKP 2008  6 29 181   23.3   31.0 19.100  3.986    0.0  1.500 -999.9    330
GHKP 2008  6 30 182   22.5   32.3 10.100  2.504    0.0  1.500 -999.9    330
GHKP 2008  7  1 183   22.5   32.0 11.200  2.615    2.5  1.100 -999.9    330
GHKP 2008  7  2 184   23.4   31.5 14.800  3.306    0.0  1.200 -999.9    330
GHKP 2008  7  3 185   22.7   31.5 20.100  4.115   13.6  1.300 -999.9    330
GHKP 2008  7  4 186   23.3   30.0 18.500  4.009    0.0  1.600 -999.9    330
GHKP 2008  7  5 187   22.5   27.7 16.900  3.716    0.0  1.800 -999.9    330
GHKP 2008  7  6 188   22.7   30.4 13.400  3.509    0.0  1.800 -999.9    330
GHKP 2008  7  7 189   22.2   30.4 12.100  3.265    0.0  2.300 -999.9    330
GHKP 2008  7  8 190   21.7   30.5 13.900  3.815    0.0  1.900 -999.9    330
GHKP 2008  7  9 191   22.3   30.4 11.300  3.192    0.0  1.700 -999.9    330
GHKP 2008  7 10 192   21.9   32.1 15.500  3.845    0.0  1.700 -999.9    330
GHKP 2008  7 11 193   22.0   32.2 19.000  4.305    0.0  1.500 -999.9    330
GHKP 2008  7 12 194   22.7   32.0 19.100  4.282    0.0  1.800 -999.9    330
GHKP 2008  7 13 195   23.0   30.2 18.600  4.102    0.0  1.800 -999.9    330
GHKP 2008  7 14 196   23.2   31.0 16.900  3.881   18.5  2.000 -999.9    330
GHKP 2008  7 15 197   23.3   32.1  9.800  2.813    0.0  2.000 -999.9    330
GHKP 2008  7 16 198   22.3   31.0 20.500  4.414    0.0  2.000 -999.9    330
GHKP 2008  7 17 199   23.0   31.0 18.100  4.179   10.4  1.700 -999.9    330
GHKP 2008  7 18 200   22.8   28.0 11.200  2.580    0.0  1.300 -999.9    330
GHKP 2008  7 19 201   23.1   31.1 16.400  3.682    3.3  1.700 -999.9    330
GHKP 2008  7 20 202   22.0   25.9 11.300  2.878    5.6  2.000 -999.9    330
GHKP 2008  7 21 203   23.1   31.2 15.400  3.456   11.6  1.200 -999.9    330
GHKP 2008  7 22 204   23.0   31.0 10.800  2.469    0.0  1.600 -999.9    330
GHKP 2008  7 23 205   22.6   32.2 17.700  3.639    0.0  2.000 -999.9    330
GHKP 2008  7 24 206   22.8   30.2 19.100  4.058    0.0  1.500 -999.9    330
GHKP 2008  7 25 207   23.3   28.2 13.600  3.249   36.7  1.300 -999.9    330
GHKP 2008  7 26 208   22.8   31.5 12.100  2.881    0.4  2.000 -999.9    330
GHKP 2008  7 27 209   22.4   31.2 10.600  2.773    0.0  2.100 -999.9    330
GHKP 2008  7 28 210   22.1   30.5 17.300  4.034    0.0  1.700 -999.9    330
GHKP 2008  7 29 211   22.2   28.0 15.800  3.559   16.5  1.700 -999.9    330
GHKP 2008  7 30 212   22.2   30.2 12.200  3.006    0.0  1.700 -999.9    330
GHKP 2008  7 31 213   21.6   30.0 15.300  3.480    2.0  1.900 -999.9    330
GHKP 2008  8  1 214   21.9   28.5 14.200  3.294    0.0  1.900 -999.9    330
GHKP 2008  8  2 215   23.0   31.0 18.600  4.279    0.0  2.100 -999.9    330
GHKP 2008  8  3 216   23.0   32.0 10.000  3.307    0.0  1.800 -999.9    330
GHKP 2008  8  4 217   22.4   30.5 15.100  3.798    0.0  1.700 -999.9    330
GHKP 2008  8  5 218   22.4   30.3 18.500  4.174    0.0  1.500 -999.9    330
GHKP 2008  8  6 219   21.8   28.0 12.900  3.020    0.0  1.600 -999.9    330
GHKP 2008  8  7 220   22.0   29.5 13.600  3.301    3.3  1.900 -999.9    330
GHKP 2008  8  8 221   22.3   32.0 15.100  3.288    0.0  2.000 -999.9    330
GHKP 2008  8  9 222   22.8   32.5 10.500  3.196    0.0  1.700 -999.9    330
GHKP 2008  8 10 223   22.9   31.5 20.900  4.796    0.0  1.400 -999.9    330
GHKP 2008  8 11 224   22.5   29.0 21.700  4.656    0.0  1.500 -999.9    330
GHKP 2008  8 12 225   22.7   32.0 19.300  4.486    0.0  2.100 -999.9    330
GHKP 2008  8 13 226   23.1   29.1 10.600  2.781    0.0  1.800 -999.9    330
GHKP 2008  8 14 227   23.1   30.0 19.000  3.971    0.0  1.600 -999.9    330
GHKP 2008  8 15 228   22.4   29.6 10.000  2.693    0.7  1.800 -999.9    330
GHKP 2008  8 16 229   22.1   30.0 13.400  3.379    0.0  2.400 -999.9    330
GHKP 2008  8 17 230   22.9   32.0 13.500  3.598    0.0  2.300 -999.9    330
GHKP 2008  8 18 231   22.1   31.5 18.100  4.235    0.0  1.800 -999.9    330
GHKP 2008  8 19 232   22.6   32.2 22.600  5.075    0.0  1.800 -999.9    330
GHKP 2008  8 20 233   22.4   30.2 18.100  4.244    3.0  1.600 -999.9    330
GHKP 2008  8 21 234   22.7   31.0 19.000  4.357    0.0  1.600 -999.9    330
GHKP 2008  8 22 235   22.2   30.2 16.100  3.912    0.0  2.200 -999.9    330
GHKP 2008  8 23 236   22.3   31.8 20.900  4.885    0.0  2.000 -999.9    330
GHKP 2008  8 24 237   22.6   31.2 21.700  4.590    4.6  0.900 -999.9    330
GHKP 2008  8 25 238   22.7   32.8 14.600  3.337    0.0  0.800 -999.9    330
GHKP 2008  8 26 239   23.2   30.4 21.900  4.557    0.0  1.700 -999.9    330
GHKP 2008  8 27 240   23.3   28.0 20.200  4.319   10.1  1.600 -999.9    330
GHKP 2008  8 28 241   22.3   30.0 12.500  2.990   11.9  1.400 -999.9    330
GHKP 2008  8 29 242   22.6   31.0 10.500  2.663    5.4  2.000 -999.9    330
GHKP 2008  8 30 243   23.1   31.1 12.600  3.132    0.0  1.400 -999.9    330
GHKP 2008  8 31 244   22.4   30.0 13.300  3.230   22.7  1.400 -999.9    330
GHKP 2008  9  1 245   22.4   30.5 17.500  3.760    0.7  1.500 -999.9    330
GHKP 2008  9  2 246   22.6   29.8 14.100  3.271    3.8  1.700 -999.9    330
GHKP 2008  9  3 247   23.0   30.2 12.500  3.044    0.0  1.500 -999.9    330
GHKP 2008  9  4 248   23.2   31.0 11.300  2.630    0.0  1.200 -999.9    330
GHKP 2008  9  5 249   22.8   32.5 15.500  3.666    0.0  1.700 -999.9    330
GHKP 2008  9  6 250   22.5   32.0 11.200  2.943    0.0  1.200 -999.9    330
GHKP 2008  9  7 251   22.5   32.1 15.600  3.635    0.0  1.500 -999.9    330
GHKP 2008  9  8 252   22.5   31.7 20.300  4.532    0.0  1.900 -999.9    330
GHKP 2008  9  9 253   22.9   32.0 20.600  4.512    0.0  1.300 -999.9    330
GHKP 2008  9 10 254   21.8   33.0 14.900  3.455    0.0  1.500 -999.9    330
GHKP 2008  9 11 255   22.5   32.1 15.100  3.655    0.0  2.100 -999.9    330
GHKP 2008  9 12 256   22.4   32.0 18.200  4.238    0.0  1.700 -999.9    330
GHKP 2008  9 13 257   22.2   31.0 14.000  3.640    0.0  1.700 -999.9    330
GHKP 2008  9 14 258   22.8   32.1 15.300  3.884    0.0  1.800 -999.9    330
GHKP 2008  9 15 259   22.8   33.0 13.600  3.632    0.0  1.900 -999.9    330
GHKP 2008  9 16 260   22.6   29.7 17.500  4.045   11.4  1.500 -999.9    330
GHKP 2008  9 17 261   22.9   28.7 21.800  4.371    0.0  1.000 -999.9    330
GHKP 2008  9 18 262   23.1   31.5 14.800  3.396    1.7  1.200 -999.9    330
GHKP 2008  9 19 263   22.8   33.1 11.400  2.967    2.5  1.600 -999.9    330
GHKP 2008  9 20 264   22.4   33.5 16.300  3.788    0.0  1.200 -999.9    330
GHKP 2008  9 21 265   22.5   30.6 17.400  3.702    3.4  0.900 -999.9    330
GHKP 2008  9 22 266   22.9   32.7 14.000  3.083   11.5  1.000 -999.9    330
GHKP 2008  9 23 267   23.2   31.2 10.500  2.635    0.0  1.500 -999.9    330
GHKP 2008  9 24 268   23.0   33.4 12.400  3.207    3.7  1.100 -999.9    330
GHKP 2008  9 25 269   23.1   32.6 16.300  3.819   11.1  1.400 -999.9    330
GHKP 2008  9 26 270   22.8   29.1 19.000  4.099    2.1  1.600 -999.9    330
GHKP 2008  9 27 271   23.2   33.3 11.300  2.944    1.5  1.300 -999.9    330
GHKP 2008  9 28 272   23.0   33.0 11.700  2.771    0.0  1.000 -999.9    330
GHKP 2008  9 29 273   22.8   33.9 21.200  4.621    0.0  1.400 -999.9    330
GHKP 2008  9 30 274   22.8   32.6 17.800  4.020    0.5  1.400 -999.9    330
GHKP 2008 10  1 275   22.9   33.5 16.500  3.720    0.0  1.100 -999.9    330
GHKP 2008 10  2 276   22.8   32.2 21.900  4.645    0.0  1.200 -999.9    330
GHKP 2008 10  3 277   22.8   33.4 16.900  3.866    0.5  1.300 -999.9    330
GHKP 2008 10  4 278   22.4   33.4 12.100  3.155   19.3  1.200 -999.9    330
GHKP 2008 10  5 279   22.8   32.2 18.200  4.096   49.0  1.300 -999.9    330
GHKP 2008 10  6 280   22.4   32.8 17.700  4.043    0.1  1.400 -999.9    330
GHKP 2008 10  7 281   22.7   33.9 13.600  3.474    0.0  1.800 -999.9    330
GHKP 2008 10  8 282   22.8   33.0 18.600  4.096    0.0  1.600 -999.9    330
GHKP 2008 10  9 283   22.2   33.2 21.400  4.713    2.5  1.400 -999.9    330
GHKP 2008 10 10 284   22.6   32.2 17.700  4.093    0.0  1.700 -999.9    330
GHKP 2008 10 11 285   22.9   33.0 17.700  4.028   23.9  1.700 -999.9    330
GHKP 2008 10 12 286   23.0   33.0 18.900  4.147    0.0  1.200 -999.9    330
GHKP 2008 10 13 287   22.7   33.5 22.300  4.732    0.0  1.200 -999.9    330
GHKP 2008 10 14 288   22.6   33.1 16.300  3.721    0.0  1.500 -999.9    330
GHKP 2008 10 15 289   22.5   33.5 19.400  4.322   19.4  1.300 -999.9    330
GHKP 2008 10 16 290   22.8   33.2 21.000  4.422    0.0  0.700 -999.9    330
GHKP 2008 10 17 291   22.8   32.5 23.500  4.895    0.0  1.200 -999.9    330
GHKP 2008 10 18 292   22.6   34.5 22.900  4.995    0.0  1.400 -999.9    330
GHKP 2008 10 19 293   22.8   32.5 19.600  4.388    0.0  1.400 -999.9    330
GHKP 2008 10 20 294   22.5   33.7 19.200  4.325    0.0  1.500 -999.9    330
GHKP 2008 10 21 295   22.7   32.9 20.700  4.526    0.0  1.300 -999.9    330
GHKP 2008 10 22 296   22.8   33.4 21.100  4.595    0.0  1.400 -999.9    330
GHKP 2008 10 23 297   22.5   34.0 14.800  3.477    0.0  1.100 -999.9    330
GHKP 2008 10 24 298   23.0   35.0 21.800  4.822    0.0  1.000 -999.9    330
GHKP 2008 10 25 299   22.4   32.6 20.400  4.350    0.0  1.200 -999.9    330
GHKP 2008 10 26 300   22.8   33.5 20.600  4.615   10.2  1.700 -999.9    330
GHKP 2008 10 27 301   22.6   32.8 13.300  3.684    0.0  1.600 -999.9    330
GHKP 2008 10 28 302   22.7   33.5 20.400  4.582    0.0  1.300 -999.9    330
GHKP 2008 10 29 303   22.5   34.1 18.900  4.141    0.0  1.100 -999.9    330
GHKP 2008 10 30 304   22.7   32.5 22.300  4.634   23.6  1.200 -999.9    330
GHKP 2008 10 31 305   22.7   34.0 18.300  4.021    0.0  1.100 -999.9    330
GHKP 2008 11  1 306   22.5   34.0 13.900  3.164    0.5  0.900 -999.9    330
GHKP 2008 11  2 307   23.2   34.1 18.100  4.076    0.0  1.400 -999.9    330
GHKP 2008 11  3 308   23.0   34.0 17.400  4.019    0.0  1.400 -999.9    330
GHKP 2008 11  4 309   22.3   34.3 17.100  4.067    0.0  1.300 -999.9    330
GHKP 2008 11  5 310   22.7   32.8 21.400  4.582    0.0  1.100 -999.9    330
GHKP 2008 11  6 311   22.8   35.5 18.600  4.412    0.0  1.500 -999.9    330
GHKP 2008 11  7 312   22.6   34.3 21.900  4.768    0.0  1.400 -999.9    330
GHKP 2008 11  8 313   22.9   33.5 20.000  4.466    0.0  1.500 -999.9    330
GHKP 2008 11  9 314   22.2   34.7 19.100  4.577    0.0  1.600 -999.9    330
GHKP 2008 11 10 315   23.0   34.5 11.700  3.174    0.0  1.600 -999.9    330
GHKP 2008 11 11 316   22.7   34.5 19.500  4.344   10.0  1.400 -999.9    330
GHKP 2008 11 12 317   23.0   33.5 21.100  4.561    0.0  1.200 -999.9    330
GHKP 2008 11 13 318   23.2   34.0 17.300  3.943    0.0  1.000 -999.9    330
GHKP 2008 11 14 319   23.4   33.8 20.000  4.442    0.0  1.100 -999.9    330
GHKP 2008 11 15 320   23.1   34.5 20.900  4.545    0.0  0.900 -999.9    330
GHKP 2008 11 16 321   22.6   34.2 13.900  3.398    0.0  1.000 -999.9    330
GHKP 2008 11 17 322   23.0   33.3 17.600  4.056    0.0  1.200 -999.9    330
GHKP 2008 11 18 323   23.1   33.5 16.300  3.715   12.9  1.700 -999.9    330
GHKP 2008 11 19 324   22.9   33.7 17.400  3.865    0.0  1.700 -999.9    330
GHKP 2008 11 20 325   23.3   34.8 21.600  4.738    1.7  1.200 -999.9    330
GHKP 2008 11 21 326   22.9   33.5 16.200  3.628    0.0  0.900 -999.9    330
GHKP 2008 11 22 327   22.1   35.0 21.100  4.618    0.0  1.100 -999.9    330
GHKP 2008 11 23 328   22.5   34.0 21.400  4.579    0.0  1.100 -999.9    330
GHKP 2008 11 24 329   22.7   33.5 20.500  4.450    0.0  1.400 -999.9    330
GHKP 2008 11 25 330   23.1   34.5 19.500  4.460    0.0  1.500 -999.9    330
GHKP 2008 11 26 331   23.4   34.0 13.300  3.426    0.0  1.300 -999.9    330
GHKP 2008 11 27 332   22.9   34.8 19.200  4.292    0.0  1.300 -999.9    330
GHKP 2008 11 28 333   22.7   34.0 20.200  4.533    0.0  1.500 -999.9    330
GHKP 2008 11 29 334   22.9   34.4 20.400  4.603    2.7  1.500 -999.9    330
GHKP 2008 11 30 335   22.9   34.4 14.300  3.486    0.0  1.300 -999.9    330
GHKP 2008 12  1 336   22.8   34.9 17.700  4.224    0.0  1.700 -999.9    330
GHKP 2008 12  2 337   23.0   34.2 16.600  3.917   26.6  1.600 -999.9    330
GHKP 2008 12  3 338   23.3   31.7 16.200  3.768    0.0  1.800 -999.9    330
GHKP 2008 12  4 339   23.0   31.1 19.000  4.132   15.3  1.600 -999.9    330
GHKP 2008 12  5 340   23.1   32.6 11.700  2.936    0.0  1.100 -999.9    330
GHKP 2008 12  6 341   23.1   33.0 13.800  3.266    0.0  0.800 -999.9    330
GHKP 2008 12  7 342   22.8   33.0 19.600  4.095    0.0  0.800 -999.9    330
GHKP 2008 12  8 343   22.9   33.5 17.700  4.095    0.0  1.400 -999.9    330
GHKP 2008 12  9 344   22.6   34.0 19.300  4.384    0.0  1.400 -999.9    330
GHKP 2008 12 10 345   22.4   33.5 18.400  4.258    0.0  1.600 -999.9    330
GHKP 2008 12 11 346   22.6   34.0 18.700  4.179    0.0  1.400 -999.9    330
GHKP 2008 12 12 347   22.4   32.5 16.800  3.753    0.0  1.400 -999.9    330
GHKP 2008 12 13 348   22.6   34.4 17.800  4.146    0.0  1.500 -999.9    330
GHKP 2008 12 14 349   23.0   33.4 18.100  4.150    0.0  1.400 -999.9    330
GHKP 2008 12 15 350   22.9   33.6 19.900  4.536    0.0  1.600 -999.9    330
GHKP 2008 12 16 351   22.6   33.1 18.200  4.092    0.0  1.500 -999.9    330
GHKP 2008 12 17 352   23.5   33.7 16.300  3.703    0.0  0.900 -999.9    330
GHKP 2008 12 18 353   22.8   34.0 20.500  4.297    0.0  0.800 -999.9    330
GHKP 2008 12 19 354   22.7   34.0 20.000  4.197    0.0  1.100 -999.9    330
GHKP 2008 12 20 355   22.6   33.5 19.200  4.123    0.0  1.000 -999.9    330
GHKP 2008 12 21 356   21.7   33.9 19.800  4.171    0.0  1.100 -999.9    330
GHKP 2008 12 22 357   21.8   33.0 18.800  3.903    0.0  1.000 -999.9    330
GHKP 2008 12 23 358   21.8   32.5 19.500  3.971    0.0  1.000 -999.9    330
GHKP 2008 12 24 359   22.2   31.2 17.400  3.579    0.0  0.800 -999.9    330
GHKP 2008 12 25 360   22.0   32.3 19.000  4.114    0.0  1.100 -999.9    330
GHKP 2008 12 26 361   22.3   31.7 14.600  3.488    0.0  1.100 -999.9    330
GHKP 2008 12 27 362   22.1   32.8  8.900  2.963    0.0  1.200 -999.9    330
GHKP 2008 12 28 363   22.1   33.5 16.200  3.805    0.0  0.900 -999.9    330
GHKP 2008 12 29 364   22.5   34.1 16.000  3.743    0.0  1.000 -999.9    330
GHKP 2008 12 30 365   23.0   33.0 17.800  3.969    0.0  1.500 -999.9    330
GHKP 2008 12 31 366   22.4   35.3 17.700  3.887    0.0  0.700 -999.9    330
GHKP 2009  1  1   1   21.8   33.3 11.400  2.775    0.0  1.200 -999.9    330
GHKP 2009  1  2   2   21.5   33.1 16.200  3.876    0.0  1.600 -999.9    330
GHKP 2009  1  3   3   21.6   32.8 14.600  3.414    2.1  1.200 -999.9    330
GHKP 2009  1  4   4   21.5   33.5 17.100  3.891    0.0  1.500 -999.9    330
GHKP 2009  1  5   5   21.9   33.5 18.400  4.047    0.0  1.300 -999.9    330
GHKP 2009  1  6   6   22.1   34.0 14.700  3.553    0.0  1.300 -999.9    330
GHKP 2009  1  7   7   21.6   35.0 16.700  3.935    0.0  1.200 -999.9    330
GHKP 2009  1  8   8   21.8   32.3 17.500  3.830    0.0  1.900 -999.9    330
GHKP 2009  1  9   9   21.7   33.4  9.100  3.279    0.0  2.200 -999.9    330
GHKP 2009  1 10  10   21.5   34.5 17.900  3.957    0.0  1.500 -999.9    330
GHKP 2009  1 11  11   21.4   32.7 19.700  4.180    0.0  1.300 -999.9    330
GHKP 2009  1 12  12   21.2   34.6 19.200  4.164    0.0  1.500 -999.9    330
GHKP 2009  1 13  13   21.5   34.6 18.400  3.970    0.0  1.100 -999.9    330
GHKP 2009  1 14  14   21.7   35.6 17.000  3.680    0.0  0.500 -999.9    330
GHKP 2009  1 15  15   21.9   33.5 18.900  4.249    0.0  1.100 -999.9    330
GHKP 2009  1 16  16   22.0   34.8 20.100  4.774    0.0  2.000 -999.9    330
GHKP 2009  1 17  17   22.0   33.5 18.500  4.545    0.0  2.200 -999.9    330
GHKP 2009  1 18  18   22.3   32.3 12.200  3.167    0.0  2.000 -999.9    330
GHKP 2009  1 19  19   22.3   31.5 15.000  3.933    0.0  1.400 -999.9    330
GHKP 2009  1 20  20   22.2   31.0 19.000  4.699    0.0  1.500 -999.9    330
GHKP 2009  1 21  21   21.9   32.5 18.200  5.139    0.0  1.800 -999.9    330
GHKP 2009  1 22  22   21.5   31.5 17.400  4.927    0.0  1.800 -999.9    330
GHKP 2009  1 23  23   21.6   31.0 17.100  4.377    0.0  1.300 -999.9    330
GHKP 2009  1 24  24   22.1   34.0  9.100  2.976    0.0  0.700 -999.9    330
GHKP 2009  1 25  25   22.2   35.5 13.900  4.098    0.0  1.100 -999.9    330
GHKP 2009  1 26  26   22.4   35.2 15.900  4.576    0.0  1.500 -999.9    330
GHKP 2009  1 27  27   22.7   33.6 17.200  4.584    0.0  1.700 -999.9    330
GHKP 2009  1 28  28   22.9   35.8 16.600  4.115    0.0  1.800 -999.9    330
GHKP 2009  1 29  29   22.9   35.5 17.100  4.115    0.0  1.700 -999.9    330
GHKP 2009  1 30  30   22.9   33.3 14.900  3.598    0.0  1.500 -999.9    330
GHKP 2009  1 31  31   23.1   33.3 16.200  3.893   35.9  1.300 -999.9    330
GHKP 2009  2  1  32   22.9   35.5 20.900  4.930    0.0  1.800 -999.9    330
GHKP 2009  2  2  33   23.1   33.0 20.400  4.478    0.0  1.800 -999.9    330
GHKP 2009  2  3  34   23.4   35.0 13.000  3.613    0.0  1.700 -999.9    330
GHKP 2009  2  4  35   23.5   35.0 19.000  4.492    0.0  1.700 -999.9    330
GHKP 2009  2  5  36   23.4   36.0 20.600  4.774    0.0  1.700 -999.9    330
GHKP 2009  2  6  37   23.3   36.3 20.600  4.832    0.0  2.000 -999.9    330
GHKP 2009  2  7  38   23.4   36.3 18.600  4.753    0.0  2.300 -999.9    330
GHKP 2009  2  8  39   23.6   34.9 15.900  3.978   11.9  1.900 -999.9    330
GHKP 2009  2  9  40   23.7   34.8 19.100  4.543    0.0  1.800 -999.9    330
GHKP 2009  2 10  41   23.8   34.4 20.500  4.687    0.6  1.500 -999.9    330
GHKP 2009  2 11  42   23.7   35.0 16.100  3.940    1.0  1.600 -999.9    330
GHKP 2009  2 12  43   23.7   33.0 18.200  4.409    0.0  1.800 -999.9    330
GHKP 2009  2 13  44   23.8   35.0 17.600  4.573    0.0  1.900 -999.9    330
GHKP 2009  2 14  45   23.9   31.7 16.600  4.003    0.8  2.100 -999.9    330
GHKP 2009  2 15  46   23.6   34.0 17.700  4.333    0.0  1.900 -999.9    330
GHKP 2009  2 16  47   23.8   34.0 16.000  4.025    0.0  2.000 -999.9    330
GHKP 2009  2 17  48   24.2   34.8 18.000  4.513    0.0  1.600 -999.9    330
GHKP 2009  2 18  49   24.3   34.9 18.900  4.410    0.0  1.100 -999.9    330
GHKP 2009  2 19  50   24.4   35.5 17.700  4.235   10.3  1.800 -999.9    330
GHKP 2009  2 20  51   24.5   33.5 19.000  4.463    0.0  1.700 -999.9    330
GHKP 2009  2 21  52   24.6   33.5 19.400  4.416    0.0  1.900 -999.9    330
GHKP 2009  2 22  53   24.5   35.3 17.600  4.318   43.1  1.800 -999.9    330
GHKP 2009  2 23  54   24.6   34.6 19.200  4.552    0.0  1.700 -999.9    330
GHKP 2009  2 24  55   24.2   33.9 15.900  3.925    0.0  1.900 -999.9    330
GHKP 2009  2 25  56   24.3   34.3 19.700  4.597    2.0  1.800 -999.9    330
GHKP 2009  2 26  57   24.6   34.2 15.000  3.822    0.0  1.800 -999.9    330
GHKP 2009  2 27  58   24.6   34.6 18.400  4.424    0.0  1.700 -999.9    330
GHKP 2009  2 28  59   24.3   35.1 10.900  3.174    0.0  1.700 -999.9    330
GHKP 2009  3  1  60   24.7   33.2 18.000  4.040    0.0  1.400 -999.9    330
GHKP 2009  3  2  61   24.7   35.0 14.200  3.527    0.0  1.400 -999.9    330
GHKP 2009  3  3  62   24.2   35.8 18.000  4.492    0.7  1.700 -999.9    330
GHKP 2009  3  4  63   24.7   36.0 18.000  4.462    0.0  1.700 -999.9    330
GHKP 2009  3  5  64   24.4   36.0 17.600  4.483    0.0  1.800 -999.9    330
GHKP 2009  3  6  65   24.5   33.5 18.000  4.351    0.0  1.800 -999.9    330
GHKP 2009  3  7  66   24.4   35.0 18.200  4.365    0.0  1.900 -999.9    330
GHKP 2009  3  8  67   24.6   34.1 16.100  3.957    5.4  1.500 -999.9    330
GHKP 2009  3  9  68   24.6   35.5 18.900  4.474    0.0  1.500 -999.9    330
GHKP 2009  3 10  69   24.2   34.7 21.500  4.951    0.0  1.700 -999.9    330
GHKP 2009  3 11  70   24.5   34.8 16.100  3.899   25.7  1.600 -999.9    330
GHKP 2009  3 12  71   24.3   34.0 20.000  4.576    0.0  1.400 -999.9    330
GHKP 2009  3 13  72   24.6   35.0 12.300  3.139    8.6  1.200 -999.9    330
GHKP 2009  3 14  73   24.3   34.6 17.100  4.239    0.0  1.800 -999.9    330
GHKP 2009  3 15  74   24.5   32.5 14.200  3.641    0.0  1.900 -999.9    330
GHKP 2009  3 16  75   24.1   34.5 10.900  3.181    0.0  2.200 -999.9    330
GHKP 2009  3 17  76   24.2   35.0 18.200  4.514    0.0  1.900 -999.9    330
GHKP 2009  3 18  77   24.2   35.0 20.700  5.002    7.2  1.800 -999.9    330
GHKP 2009  3 19  78   24.6   35.7 17.700  4.387    0.0  1.400 -999.9    330
GHKP 2009  3 20  79   24.6   33.9 18.800  4.446    0.0  1.300 -999.9    330
GHKP 2009  3 21  80   24.4   33.0 19.900  4.521    0.0  1.300 -999.9    330
GHKP 2009  3 22  81   24.1   35.6 22.400  5.114    0.0  1.800 -999.9    330
GHKP 2009  3 23  82   24.2   35.3 21.500  4.951    0.0  1.700 -999.9    330
GHKP 2009  3 24  83   24.1   34.5 21.900  5.220    0.0  1.800 -999.9    330
GHKP 2009  3 25  84   24.4   35.2 19.000  4.585    5.3  1.700 -999.9    330
GHKP 2009  3 26  85   24.6   34.7 15.500  3.906    0.0  1.900 -999.9    330
GHKP 2009  3 27  86   24.7   35.1 19.000  4.605    1.9  1.400 -999.9    330
GHKP 2009  3 28  87   24.4   31.6 19.200  4.389   11.7  1.900 -999.9    330
GHKP 2009  3 29  88   24.6   35.8 10.100  3.005    0.0  1.700 -999.9    330
GHKP 2009  3 30  89   24.5   34.0 19.600  4.670   11.7  1.700 -999.9    330
GHKP 2009  3 31  90   24.9   35.0 20.700  5.083    0.0  2.500 -999.9    330
GHKP 2009  4  1  91   24.5   32.5 19.600  4.365    0.0  2.100 -999.9    330
GHKP 2009  4  2  92   24.4   36.2 17.500  4.417    0.0  1.900 -999.9    330
GHKP 2009  4  3  93   23.8   36.4 23.100  5.418    0.0  1.800 -999.9    330
GHKP 2009  4  4  94   24.0   35.4 22.500  5.068    0.0  1.700 -999.9    330
GHKP 2009  4  5  95   23.8   36.7 15.800  4.256    0.0  1.500 -999.9    330
GHKP 2009  4  6  96   23.8   37.1 23.400  5.466    0.0  1.400 -999.9    330
GHKP 2009  4  7  97   23.9   30.7 22.500  4.782    0.0  1.700 -999.9    330
GHKP 2009  4  8  98   23.9   34.0 10.200  2.691   28.0  1.200 -999.9    330
GHKP 2009  4  9  99   23.8   34.6 19.600  4.592    0.0  1.600 -999.9    330
GHKP 2009  4 10 100   24.1   35.3 21.500  5.081    0.0  2.000 -999.9    330
GHKP 2009  4 11 101   23.9   35.6 22.600  5.358    0.0  1.900 -999.9    330
GHKP 2009  4 12 102   23.9   32.5 18.900  4.548    0.0  1.700 -999.9    330
GHKP 2009  4 13 103   24.0   33.5 11.000  2.931    8.8  1.300 -999.9    330
GHKP 2009  4 14 104   24.3   35.5 22.900  5.216    0.0  1.200 -999.9    330
GHKP 2009  4 15 105   23.9   28.5 10.200  2.745   13.9  1.300 -999.9    330
GHKP 2009  4 16 106   24.0   34.7 23.800  5.294    0.0  1.600 -999.9    330
GHKP 2009  4 17 107   24.0   34.8 25.000  5.700    0.0  1.500 -999.9    330
GHKP 2009  4 18 108   23.7   31.2 24.300  5.241   22.6  1.700 -999.9    330
GHKP 2009  4 19 109   23.6   34.9 21.000  4.770    0.0  1.200 -999.9    330
GHKP 2009  4 20 110   23.7   33.2 24.500  5.295    0.0  1.200 -999.9    330
GHKP 2009  4 21 111   23.3   33.7 24.200  5.260   12.3  1.500 -999.9    330
GHKP 2009  4 22 112   23.8   34.7 21.900  4.947    0.0  1.300 -999.9    330
GHKP 2009  4 23 113   23.6   33.6 24.800  5.408    0.0  1.500 -999.9    330
GHKP 2009  4 24 114   23.4   34.2 18.900  4.251   26.6  1.200 -999.9    330
GHKP 2009  4 25 115   23.6   34.2 21.000  4.820    0.3  1.400 -999.9    330
GHKP 2009  4 26 116   23.5   32.8 20.400  4.479    3.0  1.400 -999.9    330
GHKP 2009  4 27 117   23.9   34.0 15.000  3.531    0.0  1.500 -999.9    330
GHKP 2009  4 28 118   23.8   34.5 20.300  4.659    0.0  1.200 -999.9    330
GHKP 2009  4 29 119   23.7   36.0 20.200  4.676    0.0  1.300 -999.9    330
GHKP 2009  4 30 120   23.8   35.6 23.500  5.246    0.0  1.600 -999.9    330
GHKP 2009  5  1 121   23.7   35.0 18.700  4.349    0.0  1.700 -999.9    330
GHKP 2009  5  2 122   23.4   31.5 21.100  4.421    0.0  1.600 -999.9    330
GHKP 2009  5  3 123   23.5   34.7 23.300  4.978    0.0  1.400 -999.9    330
GHKP 2009  5  4 124   23.3   34.7 21.500  4.743    7.1  1.300 -999.9    330
GHKP 2009  5  5 125   23.4   33.2 10.000  2.529    2.6  1.200 -999.9    330
GHKP 2009  5  6 126   23.3   33.5 14.700  3.305    0.0  1.500 -999.9    330
GHKP 2009  5  7 127   23.7   32.9 14.000  3.442    1.2  1.600 -999.9    330
GHKP 2009  5  8 128   23.5   34.5 17.400  4.170    0.0  1.800 -999.9    330
GHKP 2009  5  9 129   23.3   29.5 20.200  4.026    3.2  1.200 -999.9    330
GHKP 2009  5 10 130   23.5   34.0  9.900  2.367    0.0  0.900 -999.9    330
GHKP 2009  5 11 131   23.3   35.0 24.400  5.329    0.0  1.100 -999.9    330
GHKP 2009  5 12 132   23.1   34.8 10.900  3.283    0.0  1.300 -999.9    330
GHKP 2009  5 13 133   23.6   36.0 22.800  5.302    0.0  1.500 -999.9    330
GHKP 2009  5 14 134   23.5   34.5 23.100  5.061    0.0  1.400 -999.9    330
GHKP 2009  5 15 135   23.3   33.5 19.100  4.329    0.0  1.500 -999.9    330
GHKP 2009  5 16 136   23.5   35.3 21.400  4.852    0.0  1.200 -999.9    330
GHKP 2009  5 17 137   23.3   35.0 22.300  4.979    0.0  1.100 -999.9    330
GHKP 2009  5 18 138   23.5   35.5 22.600  5.104    0.0  1.300 -999.9    330
GHKP 2009  5 19 139   23.1   33.4 19.800  4.313    4.3  1.100 -999.9    330
GHKP 2009  5 20 140   23.2   34.7 17.000  3.872    0.0  1.300 -999.9    330
GHKP 2009  5 21 141   23.2   35.0 23.600  5.243    0.0  1.400 -999.9    330
GHKP 2009  5 22 142   23.3   35.7 22.200  5.044    0.0  1.800 -999.9    330
GHKP 2009  5 23 143   23.3   36.2 23.100  5.245    0.0  1.400 -999.9    330
GHKP 2009  5 24 144   23.1   30.0 20.600  4.393   60.7  1.300 -999.9    330
GHKP 2009  5 25 145   23.2   33.8 12.500  2.995    4.3  1.200 -999.9    330
GHKP 2009  5 26 146   23.1   34.2 20.900  4.678    0.0  1.400 -999.9    330
GHKP 2009  5 27 147   23.4   35.0 23.300  5.134    0.0  1.200 -999.9    330
GHKP 2009  5 28 148   22.9   34.6 20.400  4.531    0.0  1.600 -999.9    330
GHKP 2009  5 29 149   22.9   31.4 18.600  3.977    1.0  1.500 -999.9    330
GHKP 2009  5 30 150   22.9   32.0 12.200  2.964    0.0  1.200 -999.9    330
GHKP 2009  5 31 151   22.7   33.0 19.500  4.288    0.0  1.100 -999.9    330
GHKP 2009  6  1 152   22.8   33.6 20.600  4.417    0.0  1.500 -999.9    330
GHKP 2009  6  2 153   23.6   34.2 19.700  4.299    0.0  1.600 -999.9    330
GHKP 2009  6  3 154   23.5   33.5 22.100  4.671    0.0  1.500 -999.9    330
GHKP 2009  6  4 155   23.3   32.4 18.700  4.097    0.0  1.700 -999.9    330
GHKP 2009  6  5 156   23.3   32.5 14.900  3.297    0.0  1.000 -999.9    330
GHKP 2009  6  6 157   23.2   32.5 16.800  3.770    0.0  1.200 -999.9    330
GHKP 2009  6  7 158   23.3   34.8 18.900  4.191    0.0  0.900 -999.9    330
GHKP 2009  6  8 159   23.1   34.5 20.700  4.634    0.0  1.500 -999.9    330
GHKP 2009  6  9 160   22.9   32.5 21.100  4.606    0.4  2.000 -999.9    330
GHKP 2009  6 10 161   23.2   30.5 14.400  3.227    0.0  1.900 -999.9    330
GHKP 2009  6 11 162   22.9   32.0 10.600  2.642  186.7  1.300 -999.9    330
GHKP 2009  6 12 163   23.1   27.0 14.700  3.050    1.7  1.100 -999.9    330
GHKP 2009  6 13 164   23.1   31.9  9.600  2.318    4.3  0.400 -999.9    330
GHKP 2009  6 14 165   23.2   32.9 14.100  3.246    0.0  1.000 -999.9    330
GHKP 2009  6 15 166   22.9   29.0 22.400  4.368   15.1  1.400 -999.9    330
GHKP 2009  6 16 167   23.1   31.2 10.300  2.581    0.0  1.500 -999.9    330
GHKP 2009  6 17 168   23.1   32.9 13.800  3.264    0.5  1.200 -999.9    330
GHKP 2009  6 18 169   23.0   32.7 22.100  4.643    0.0  0.900 -999.9    330
GHKP 2009  6 19 170   23.1   31.6 17.600  3.841   24.9  1.600 -999.9    330
GHKP 2009  6 20 171   23.1   27.5 15.800  3.269    0.0  1.700 -999.9    330
GHKP 2009  6 21 172   23.0   32.5  9.600  2.388    0.0  0.800 -999.9    330
GHKP 2009  6 22 173   22.8   32.8 17.600  3.727    6.0  0.500 -999.9    330
GHKP 2009  6 23 174   22.9   29.1 19.500  3.929   13.4  1.200 -999.9    330
GHKP 2009  6 24 175   23.1   30.4  9.800  2.494    0.6  1.600 -999.9    330
GHKP 2009  6 25 176   23.1   30.5 11.500  2.873   14.3  1.800 -999.9    330
GHKP 2009  6 26 177   22.9   30.5 11.500  2.548    2.0  1.000 -999.9    330
GHKP 2009  6 27 178   22.9   26.5 13.800  2.907    0.0  1.500 -999.9    330
GHKP 2009  6 28 179   22.7   28.9  9.600  2.463   12.2  1.700 -999.9    330
GHKP 2009  6 29 180   22.9   29.5 11.000  2.713    0.5  1.600 -999.9    330
GHKP 2009  6 30 181   22.6   29.7 14.700  3.312    0.2  1.500 -999.9    330
GHKP 2009  7  1 182   22.7   31.5 14.400  3.386    0.0  1.500 -999.9    330
GHKP 2009  7  2 183   22.6   32.7 18.800  4.243    0.0  1.400 -999.9    330
GHKP 2009  7  3 184   22.7   31.1 20.500  4.274    0.0  1.300 -999.9    330
GHKP 2009  7  4 185   22.5   31.3 14.400  3.364    0.0  1.600 -999.9    330
GHKP 2009  7  5 186   22.6   31.3 20.200  4.157    0.0  1.600 -999.9    330
GHKP 2009  7  6 187   22.5   32.0 16.300  3.530    3.9  1.800 -999.9    330
GHKP 2009  7  7 188   22.4   27.8 15.800  3.233    0.0  1.800 -999.9    330
GHKP 2009  7  8 189   22.4   28.9  9.700  2.316    1.9  1.600 -999.9    330
GHKP 2009  7  9 190   22.3   28.5 10.100  2.368    0.9  1.200 -999.9    330
GHKP 2009  7 10 191   22.4   28.5 11.200  2.458    2.9  2.300 -999.9    330
GHKP 2009  7 11 192   22.8   28.5 10.700  3.085    0.0  1.900 -999.9    330
GHKP 2009  7 12 193   22.4   30.7 12.600  3.463    0.0  1.500 -999.9    330
GHKP 2009  7 13 194   22.4   29.7 16.900  4.019    0.0  1.700 -999.9    330
GHKP 2009  7 14 195   22.6   31.5 12.200  3.063    0.0  1.700 -999.9    330
GHKP 2009  7 15 196   22.4   32.0 22.300  4.964    0.0  1.600 -999.9    330
GHKP 2009  7 16 197   22.5   29.5 20.100  4.456    0.0  1.500 -999.9    330
GHKP 2009  7 17 198   22.6   29.9  9.900  2.851    0.0  2.300 -999.9    330
GHKP 2009  7 18 199   22.6   29.9 10.500  2.930    0.0  2.100 -999.9    330
GHKP 2009  7 19 200   22.6   32.5 20.400  4.640    0.0  1.700 -999.9    330
GHKP 2009  7 20 201   22.2   31.5 19.500  4.236    0.0  1.300 -999.9    330
GHKP 2009  7 21 202   22.5   31.3 15.300  3.519    0.0  1.800 -999.9    330
GHKP 2009  7 22 203   22.6   31.0 19.000  4.247    0.0  2.000 -999.9    330
GHKP 2009  7 23 204   22.5   32.3 13.500  3.480    0.0  1.700 -999.9    330
GHKP 2009  7 24 205   22.2   32.3 15.000  3.589   13.2  1.800 -999.9    330
GHKP 2009  7 25 206   22.0   28.7 12.000  3.277    0.0  2.200 -999.9    330
GHKP 2009  7 26 207   22.2   29.1 12.000  3.588    0.5  1.900 -999.9    330
GHKP 2009  7 27 208   22.2   27.5 10.200  2.578    0.0  1.900 -999.9    330
GHKP 2009  7 28 209   22.0   27.5  9.800  2.823    0.0  2.000 -999.9    330
GHKP 2009  7 29 210   22.1   29.1 15.000  3.710    0.0  1.600 -999.9    330
GHKP 2009  7 30 211   22.3   28.9 13.600  3.287    0.0  1.800 -999.9    330
GHKP 2009  7 31 212   22.5   28.9 12.000  2.652    0.0  2.400 -999.9    330
GHKP 2009  8  1 213   22.2   29.1 14.000  3.452   10.0  1.900 -999.9    330
GHKP 2009  8  2 214   22.2   30.0 11.100  3.070    0.0  1.500 -999.9    330
GHKP 2009  8  3 215   22.4   30.0 12.700  3.156    0.0  1.600 -999.9    330
GHKP 2009  8  4 216   22.1   30.6 10.900  2.851    0.0  1.800 -999.9    330
GHKP 2009  8  5 217   22.3   29.0 20.200  4.246    0.0  1.800 -999.9    330
GHKP 2009  8  6 218   22.2   30.0 10.600  2.877    0.0  2.000 -999.9    330
GHKP 2009  8  7 219   22.0   27.5 11.800  3.032    0.0  1.900 -999.9    330
GHKP 2009  8  8 220   22.1   30.0 12.500  3.153    0.0  1.600 -999.9    330
GHKP 2009  8  9 221   22.0   33.0 15.800  3.903    0.0  1.700 -999.9    330
GHKP 2009  8 10 222   22.0   29.9 20.100  4.320   35.4  1.700 -999.9    330
GHKP 2009  8 11 223   22.1   29.9 11.700  3.127    1.0  1.900 -999.9    330
GHKP 2009  8 12 224   22.2   29.6 10.400  3.004    0.0  2.000 -999.9    330
GHKP 2009  8 13 225   22.2   29.3 11.900  3.017    0.0  1.900 -999.9    330
GHKP 2009  8 14 226   22.4   29.3 10.600  2.727    0.6  1.500 -999.9    330
GHKP 2009  8 15 227   22.2   30.5 14.600  3.591    0.0  1.800 -999.9    330
GHKP 2009  8 16 228   22.2   30.3 13.400  3.405    0.0  1.600 -999.9    330
GHKP 2009  8 17 229   22.1   28.6 15.000  3.261    0.0  1.500 -999.9    330
GHKP 2009  8 18 230   22.5   31.5 10.000  2.916    0.0  1.900 -999.9    330
GHKP 2009  8 19 231   22.2   30.5 14.600  3.735    0.0  1.800 -999.9    330
GHKP 2009  8 20 232   22.1   28.5 14.600  3.217    0.9  1.200 -999.9    330
GHKP 2009  8 21 233   21.9   29.0 12.600  2.899    0.0  1.600 -999.9    330
GHKP 2009  8 22 234   22.2   31.4 16.500  3.866    0.0  1.500 -999.9    330
GHKP 2009  8 23 235   22.2   31.7 10.000  2.819    0.0  1.600 -999.9    330
GHKP 2009  8 24 236   22.2   31.8 15.900  3.763    0.0  1.400 -999.9    330
GHKP 2009  8 25 237   22.3   29.5 10.000  2.526   42.4  1.400 -999.9    330
GHKP 2009  8 26 238   22.3   31.0 14.300  3.546    0.0  1.800 -999.9    330
GHKP 2009  8 27 239   22.4   30.1 18.300  4.131    0.0  1.700 -999.9    330
GHKP 2009  8 28 240   22.5   31.3 18.100  4.112    1.6  1.800 -999.9    330
GHKP 2009  8 29 241   22.4   29.0 10.000  2.880    0.0  2.100 -999.9    330
GHKP 2009  8 30 242   22.3   29.8 16.500  3.775    0.0  1.800 -999.9    330
GHKP 2009  8 31 243   22.4   30.2 13.500  3.293    0.0  1.700 -999.9    330
GHKP 2009  9  1 244   22.3   29.2 12.600  2.955    0.0  1.600 -999.9    330
GHKP 2009  9  2 245   22.4   31.5 11.200  3.184    0.0  1.800 -999.9    330
GHKP 2009  9  3 246   22.4   31.0 13.900  3.413    0.0  1.300 -999.9    330
GHKP 2009  9  4 247   22.6   33.0 12.900  3.299   10.8  1.300 -999.9    330
GHKP 2009  9  5 248   22.5   31.3 14.300  3.232    0.0  1.700 -999.9    330
GHKP 2009  9  6 249   22.5   32.1 11.200  2.841    0.0  1.700 -999.9    330
GHKP 2009  9  7 250   22.4   32.3 14.800  3.540    0.0  1.300 -999.9    330
GHKP 2009  9  8 251   22.4   33.0 17.800  3.948    2.8  1.200 -999.9    330
GHKP 2009  9  9 252   22.0   30.6 18.700  3.886    0.0  1.100 -999.9    330
GHKP 2009  9 10 253   22.4   31.5 17.200  3.937    0.0  1.900 -999.9    330
GHKP 2009  9 11 254   22.4   31.5 12.600  3.154    0.0  1.600 -999.9    330
GHKP 2009  9 12 255   22.4   32.3 15.200  3.332   30.4  1.400 -999.9    330
GHKP 2009  9 13 256   22.3   31.5 20.500  4.266   12.5  1.500 -999.9    330
GHKP 2009  9 14 257   22.2   30.5 19.100  4.117    0.0  1.900 -999.9    330
GHKP 2009  9 15 258   22.4   30.0 13.000  3.106    0.0  1.900 -999.9    330
GHKP 2009  9 16 259   22.6   31.5 10.900  2.666    0.0  1.500 -999.9    330
GHKP 2009  9 17 260   22.3   33.0 14.500  3.398    0.0  1.000 -999.9    330
GHKP 2009  9 18 261   22.4   33.5 22.100  4.917    0.0  1.500 -999.9    330
GHKP 2009  9 19 262   22.4   30.0 20.300  4.635    0.0  2.000 -999.9    330
GHKP 2009  9 20 263   22.6   33.0 13.200  3.762    0.0  1.900 -999.9    330
GHKP 2009  9 21 264   22.4   32.5 20.200  4.600    0.0  1.400 -999.9    330
GHKP 2009  9 22 265   22.3   33.5 17.100  4.002    0.0  1.200 -999.9    330
GHKP 2009  9 23 266   22.7   32.0 23.900  5.102    0.0  1.400 -999.9    330
GHKP 2009  9 24 267   22.8   30.5 21.800  4.773    0.0  1.700 -999.9    330
GHKP 2009  9 25 268   22.6   32.3 14.800  3.553    8.7  1.200 -999.9    330
GHKP 2009  9 26 269   22.6   32.9 14.800  3.603    0.0  1.400 -999.9    330
GHKP 2009  9 27 270   22.8   33.0 16.400  3.865    0.0  1.700 -999.9    330
GHKP 2009  9 28 271   22.5   33.0 19.100  4.270    0.0  1.500 -999.9    330
GHKP 2009  9 29 272   22.4   33.0 17.900  4.155    0.0  1.600 -999.9    330
GHKP 2009  9 30 273   22.6   32.5 19.500  4.410    0.0  1.600 -999.9    330
GHKP 2009 10  1 274   22.6   33.5 20.000  4.474    0.0  1.600 -999.9    330
GHKP 2009 10  2 275   22.9   34.5 16.300  3.941    0.0  1.400 -999.9    330
GHKP 2009 10  3 276   22.6   33.0 18.100  4.134    0.0  1.500 -999.9    330
GHKP 2009 10  4 277   22.6   33.5 18.500  4.198   10.2  1.300 -999.9    330
GHKP 2009 10  5 278   22.5   32.3 17.000  3.867    0.0  1.700 -999.9    330
GHKP 2009 10  6 279   22.6   34.5 12.500  3.444    0.0  1.700 -999.9    330
GHKP 2009 10  7 280   22.5   32.0 18.600  4.159    0.0  1.700 -999.9    330
GHKP 2009 10  8 281   22.3   32.8 18.300  4.037    0.0  1.300 -999.9    330
GHKP 2009 10  9 282   22.4   33.0 18.600  4.281    0.0  1.700 -999.9    330
GHKP 2009 10 10 283   22.6   33.0 22.200  4.830    0.0  1.300 -999.9    330
GHKP 2009 10 11 284   22.4   33.0 17.000  4.057    0.0  1.800 -999.9    330
GHKP 2009 10 12 285   22.6   33.0 20.200  4.509    0.0  1.600 -999.9    330
GHKP 2009 10 13 286   22.6   32.3 17.900  4.088    0.0  1.800 -999.9    330
GHKP 2009 10 14 287   22.5   30.0  9.700  2.626    0.1  1.700 -999.9    330
GHKP 2009 10 15 288   22.5   33.5 13.700  3.394    5.2  1.700 -999.9    330
GHKP 2009 10 16 289   22.4   33.3 21.800  4.760    0.0  1.400 -999.9    330
GHKP 2009 10 17 290   22.4   34.4 21.400  4.843    0.0  1.400 -999.9    330
GHKP 2009 10 18 291   22.5   34.8 22.400  5.122    0.0  1.500 -999.9    330
GHKP 2009 10 19 292   22.8   34.0 19.900  4.707   16.0  1.700 -999.9    330
GHKP 2009 10 20 293   22.6   33.5 16.700  4.102    4.4  1.900 -999.9    330
GHKP 2009 10 21 294   22.6   33.0 14.900  3.449   12.4  1.500 -999.9    330
GHKP 2009 10 22 295   22.5   33.5 21.400  4.573    0.0  1.200 -999.9    330
GHKP 2009 10 23 296   22.5   31.0 21.400  4.476    0.0  1.200 -999.9    330
GHKP 2009 10 24 297   22.4   34.0 12.700  3.235    0.0  1.100 -999.9    330
GHKP 2009 10 25 298   22.5   34.6 19.600  4.431   64.2  1.100 -999.9    330
GHKP 2009 10 26 299   22.4   33.6 18.300  4.026    0.0  0.900 -999.9    330
GHKP 2009 10 27 300   22.5   32.5 17.100  3.874    0.0  1.400 -999.9    330
GHKP 2009 10 28 301   22.7   32.5 16.700  3.842    1.0  1.400 -999.9    330
GHKP 2009 10 29 302   22.5   33.3 16.900  3.741    0.0  1.300 -999.9    330
GHKP 2009 10 30 303   22.5   33.4 20.800  4.551    0.0  1.200 -999.9    330
GHKP 2009 10 31 304   22.8   33.0 21.600  4.538   15.5  0.800 -999.9    330
GHKP 2009 11  1 305   22.7   32.5 20.000  4.242   13.5  0.900 -999.9    330
GHKP 2009 11  2 306   22.4   33.6 10.600  2.844    0.0  1.100 -999.9    330
GHKP 2009 11  3 307   22.5   34.2 17.300  3.943    0.0  1.100 -999.9    330
GHKP 2009 11  4 308   22.5   33.5 19.000  4.121    0.0  1.700 -999.9    330
GHKP 2009 11  5 309   22.7   34.0 12.100  3.036    0.0  1.100 -999.9    330
GHKP 2009 11  6 310   22.6   34.0 18.000  4.127    0.0  1.100 -999.9    330
GHKP 2009 11  7 311   22.6   33.5 18.000  4.195    1.3  1.500 -999.9    330
GHKP 2009 11  8 312   22.4   32.0 14.900  3.611    5.6  2.000 -999.9    330
GHKP 2009 11  9 313   22.6   32.0 14.300  3.325   25.6  1.600 -999.9    330
GHKP 2009 11 10 314   22.7   33.5 18.100  4.024    0.0  0.800 -999.9    330
GHKP 2009 11 11 315   22.5   34.0 18.800  4.282    0.0  1.400 -999.9    330
GHKP 2009 11 12 316   22.5   33.0 22.100  4.751    0.0  1.500 -999.9    330
GHKP 2009 11 13 317   22.6   34.2 21.800  4.759    0.0  1.500 -999.9    330
GHKP 2009 11 14 318   22.7   34.2 16.100  3.765    4.5  1.400 -999.9    330
GHKP 2009 11 15 319   22.8   33.8 17.400  3.922    0.0  1.100 -999.9    330
GHKP 2009 11 16 320   22.7   33.8 18.200  4.010    0.0  0.800 -999.9    330
GHKP 2009 11 17 321   22.7   33.0 21.300  4.548    0.0  1.200 -999.9    330
GHKP 2009 11 18 322   22.7   32.7 20.000  4.372    0.0  1.200 -999.9    330
GHKP 2009 11 19 323   22.8   33.2 19.100  4.266    0.0  1.000 -999.9    330
GHKP 2009 11 20 324   22.6   33.5 19.000  4.159    0.0  0.800 -999.9    330
GHKP 2009 11 21 325   22.8   34.0 19.500  4.483    0.0  1.200 -999.9    330
GHKP 2009 11 22 326   22.8   34.4 19.200  4.637    0.0  1.300 -999.9    330
GHKP 2009 11 23 327   22.7   33.8 19.000  4.275    0.0  0.900 -999.9    330
GHKP 2009 11 24 328   22.5   34.5 16.600  3.932    0.0  1.100 -999.9    330
GHKP 2009 11 25 329   22.6   34.5 20.400  4.538    0.0  1.000 -999.9    330
GHKP 2009 11 26 330   22.6   34.5 20.100  4.591    0.0  1.200 -999.9    330
GHKP 2009 11 27 331   22.7   34.5 20.200  4.502    0.0  1.300 -999.9    330
GHKP 2009 11 28 332   22.7   34.6 17.400  4.037    0.0  1.000 -999.9    330
GHKP 2009 11 29 333   22.4   34.3 20.100  4.235    0.0  0.700 -999.9    330
GHKP 2009 11 30 334   22.5   34.4 18.800  4.113    0.0  0.800 -999.9    330
GHKP 2009 12  1 335   22.5   33.5 18.700  3.928    0.0  0.600 -999.9    330
GHKP 2009 12  2 336   22.4   34.0 18.400  4.058    0.0  1.000 -999.9    330
GHKP 2009 12  3 337   22.5   35.0 16.600  4.015    0.0  1.300 -999.9    330
GHKP 2009 12  4 338   22.7   34.5 17.000  4.004    0.6  1.100 -999.9    330
GHKP 2009 12  5 339   22.6   34.1 17.300  4.076   37.3  1.200 -999.9    330
GHKP 2009 12  6 340   22.7   33.6 19.500  4.348    0.0  1.000 -999.9    330
GHKP 2009 12  7 341   22.6   34.0 18.100  4.026    4.1  1.000 -999.9    330
GHKP 2009 12  8 342   22.5   33.2 19.800  4.321    0.0  1.300 -999.9    330
GHKP 2009 12  9 343   22.2   34.0 16.300  3.882    0.0  1.600 -999.9    330
GHKP 2009 12 10 344   22.0   33.4 13.400  3.616    0.0  1.800 -999.9    330
GHKP 2009 12 11 345   22.4   33.4 16.500  3.819    0.0  1.500 -999.9    330
GHKP 2009 12 12 346   22.3   32.9 14.000  3.406    0.0  1.600 -999.9    330
GHKP 2009 12 13 347   22.2   35.0 10.700  2.906    0.0  1.300 -999.9    330
GHKP 2009 12 14 348   22.2   34.6 20.300  4.272    0.0  0.700 -999.9    330
GHKP 2009 12 15 349   22.0   33.8 20.100  4.379    0.0  1.100 -999.9    330
GHKP 2009 12 16 350   21.9   34.5 16.100  3.849    0.0  1.400 -999.9    330
GHKP 2009 12 17 351   22.0   35.0 19.900  4.503    0.0  1.200 -999.9    330
GHKP 2009 12 18 352   21.9   34.5 18.100  4.182    0.0  1.300 -999.9    330
GHKP 2009 12 19 353   22.0   35.0 18.800  4.265    0.0  1.200 -999.9    330
GHKP 2009 12 20 354   22.2   34.6 19.000  4.400    0.0  1.700 -999.9    330
GHKP 2009 12 21 355   22.0   34.0 16.100  3.900    0.0  1.600 -999.9    330
GHKP 2009 12 22 356   22.0   36.5 18.300  4.381    0.0  1.500 -999.9    330
GHKP 2009 12 23 357   22.1   34.6 20.000  4.490    0.0  1.300 -999.9    330
GHKP 2009 12 24 358   22.1   34.4 18.500  4.215    0.0  1.600 -999.9    330
GHKP 2009 12 25 359   21.5   33.0 19.400  4.023    0.0  1.200 -999.9    330
GHKP 2009 12 26 360   21.7   34.5 16.300  3.765    0.0  1.300 -999.9    330
GHKP 2009 12 27 361   21.6   34.2 19.900  4.379    0.0  1.000 -999.9    330
GHKP 2009 12 28 362   21.3   34.8 20.500  4.695    0.0  1.300 -999.9    330
GHKP 2009 12 29 363   21.2   34.5 19.400  4.574    0.0  1.400 -999.9    330
GHKP 2009 12 30 364   21.6   33.3 17.900  4.181    0.0  1.200 -999.9    330
GHKP 2009 12 31 365   21.8   33.5 14.300  3.487    0.0  1.100 -999.9    330
