ETBA 2014  1  1   1   13.0   29.2 20.000  4.510    0.0  1.450 -999.9    330
ETBA 2014  1  2   2   14.2   27.3 21.200  4.526    0.0  1.460 -999.9    330
ETBA 2014  1  3   3   12.0   28.7 21.200  4.573    0.0  1.450 -999.9    330
ETBA 2014  1  4   4   12.9   29.6 22.200  4.755    0.0  1.440 -999.9    330
ETBA 2014  1  5   5   13.4   30.6 19.000  4.522    0.0  1.430 -999.9    330
ETBA 2014  1  6   6   12.8   30.1 20.900  4.682    0.0  1.450 -999.9    330
ETBA 2014  1  7   7   12.2   29.9 20.300  4.611    0.0  1.470 -999.9    330
ETBA 2014  1  8   8   12.5   26.5 11.300  3.520    0.0  1.460 -999.9    330
ETBA 2014  1  9   9   14.5   27.7 18.600  4.317    0.0  1.440 -999.9    330
ETBA 2014  1 10  10   13.8   29.6 20.100  4.590    0.0  1.440 -999.9    330
ETBA 2014  1 11  11   11.2   29.8 22.500  4.763    0.0  1.410 -999.9    330
ETBA 2014  1 12  12   11.2   30.9 20.800  4.666    0.0  1.390 -999.9    330
ETBA 2014  1 13  13   15.4   28.3 17.800  4.260    0.0  1.390 -999.9    330
ETBA 2014  1 14  14   13.9   28.3 22.100  4.673    0.0  1.410 -999.9    330
ETBA 2014  1 15  15   13.9   27.6 20.100  4.456    0.0  1.440 -999.9    330
ETBA 2014  1 16  16   13.6   28.1 21.800  4.654    0.0  1.440 -999.9    330
ETBA 2014  1 17  17   14.5   29.0 21.400  4.704    0.0  1.430 -999.9    330
ETBA 2014  1 18  18   15.2   29.7 22.200  4.875    0.0  1.440 -999.9    330
ETBA 2014  1 19  19   16.0   30.4 21.300  4.870    0.0  1.450 -999.9    330
ETBA 2014  1 20  20   13.4   29.4 21.900  4.811    0.0  1.470 -999.9    330
ETBA 2014  1 21  21   13.9   27.2 21.200  4.638    0.0  1.520 -999.9    330
ETBA 2014  1 22  22   13.5   27.3 21.700  4.717    0.0  1.540 -999.9    330
ETBA 2014  1 23  23   13.9   27.8 22.300  4.846    0.0  1.550 -999.9    330
ETBA 2014  1 24  24   12.3   29.6 22.900  5.006    0.0  1.530 -999.9    330
ETBA 2014  1 25  25   13.7   29.1 22.700  4.963    0.0  1.510 -999.9    330
ETBA 2014  1 26  26   13.0   28.4 22.500  4.873    0.0  1.500 -999.9    330
ETBA 2014  1 27  27   14.6   28.9 17.700  4.503    0.0  1.520 -999.9    330
ETBA 2014  1 28  28   13.8   28.6 19.200  4.623    0.0  1.520 -999.9    330
ETBA 2014  1 29  29   15.7   27.9 18.700  4.576    0.0  1.520 -999.9    330
ETBA 2014  1 30  30   14.7   29.7 22.600  5.070    0.0  1.500 -999.9    330
ETBA 2014  1 31  31   12.0   31.8 22.900  5.196    0.0  1.470 -999.9    330
ETBA 2014  2  1  32   11.4   31.2 22.100  5.033    0.0  1.440 -999.9    330
ETBA 2014  2  2  33   15.8   29.1 22.900  5.023    0.0  1.430 -999.9    330
ETBA 2014  2  3  34   16.0   31.0 22.700  5.153    0.0  1.420 -999.9    330
ETBA 2014  2  4  35   16.1   31.1 22.400  5.112    0.0  1.400 -999.9    330
ETBA 2014  2  5  36   15.2   28.5 22.500  4.869    0.0  1.360 -999.9    330
ETBA 2014  2  6  37   14.9   27.4 21.900  4.657    0.0  1.290 -999.9    330
ETBA 2014  2  7  38   14.8   29.4 21.000  4.668    0.0  1.260 -999.9    330
ETBA 2014  2  8  39   14.2   26.4 22.400  4.584    0.0  1.250 -999.9    330
ETBA 2014  2  9  40   14.2   27.3 22.900  4.686    1.4  1.230 -999.9    330
ETBA 2014  2 10  41   13.1   29.1 22.800  4.786    0.0  1.240 -999.9    330
ETBA 2014  2 11  42   13.7   28.9 22.500  4.777    0.0  1.250 -999.9    330
ETBA 2014  2 12  43   13.4   29.5 22.100  4.779    0.0  1.260 -999.9    330
ETBA 2014  2 13  44   11.8   31.4 23.400  5.073    0.0  1.290 -999.9    330
ETBA 2014  2 14  45   12.9   30.8 22.200  4.978    3.5  1.340 -999.9    330
ETBA 2014  2 15  46   13.1   30.6 23.200  5.142    0.0  1.400 -999.9    330
ETBA 2014  2 16  47   15.7   27.9 17.300  4.453    0.0  1.480 -999.9    330
ETBA 2014  2 17  48   16.6   26.0 16.800  4.348    3.3  1.510 -999.9    330
ETBA 2014  2 18  49   15.9   26.2 19.700  4.670    2.7  1.530 -999.9    330
ETBA 2014  2 19  50   14.7   30.0 22.400  5.267    0.0  1.580 -999.9    330
ETBA 2014  2 20  51   15.1   27.9 18.600  4.753    0.0  1.610 -999.9    330
ETBA 2014  2 21  52   15.3   27.4 19.900  4.856    0.0  1.600 -999.9    330
ETBA 2014  2 22  53   16.0   27.9 21.000  5.029    0.0  1.590 -999.9    330
ETBA 2014  2 23  54   16.7   28.6 23.400  5.359    1.5  1.580 -999.9    330
ETBA 2014  2 24  55   14.8   30.1 23.800  5.465    0.0  1.570 -999.9    330
ETBA 2014  2 25  56   14.6   27.7 22.100  5.064    0.0  1.550 -999.9    330
ETBA 2014  2 26  57   16.1   30.8 23.400  5.445    0.0  1.500 -999.9    330
ETBA 2014  2 27  58   15.6   25.9 22.500  4.942    0.0  1.470 -999.9    330
ETBA 2014  2 28  59   12.7   29.9 22.800  5.218    0.0  1.480 -999.9    330
ETBA 2014  3  1  60   15.5   28.4 22.800  5.156    0.0  1.470 -999.9    330
ETBA 2014  3  2  61   15.8   31.9 22.500  5.398    0.0  1.450 -999.9    330
ETBA 2014  3  3  62   16.0   29.9 20.400  5.049    0.0  1.480 -999.9    330
ETBA 2014  3  4  63   16.5   31.8 21.000  5.334    8.3  1.530 -999.9    330
ETBA 2014  3  5  64   15.8   31.3 21.100  5.326    6.4  1.560 -999.9    330
ETBA 2014  3  6  65   17.5   28.8 23.200  5.430    3.0  1.580 -999.9    330
ETBA 2014  3  7  66   14.3   30.2 24.100  5.582    0.0  1.610 -999.9    330
ETBA 2014  3  8  67   13.2   27.2 24.200  5.337    0.0  1.640 -999.9    330
ETBA 2014  3  9  68   17.4   30.0 23.400  5.648    0.0  1.670 -999.9    330
ETBA 2014  3 10  69   15.4   28.0 23.400  5.416    4.1  1.660 -999.9    330
ETBA 2014  3 11  70   15.9   26.5 20.900  5.036    6.2  1.650 -999.9    330
ETBA 2014  3 12  71   15.6   31.9 23.900  5.782    0.0  1.640 -999.9    330
ETBA 2014  3 13  72   16.9   28.4 17.000  4.729    9.5  1.620 -999.9    330
ETBA 2014  3 14  73   17.3   28.0 21.200  5.148    7.5  1.590 -999.9    330
ETBA 2014  3 15  74   15.9   27.0 23.600  5.255   10.3  1.550 -999.9    330
ETBA 2014  3 16  75   16.0   28.7 20.700  5.027    0.0  1.520 -999.9    330
ETBA 2014  3 17  76   15.2   26.8 14.500  4.154    0.0  1.490 -999.9    330
ETBA 2014  3 18  77   15.6   27.6 21.800  5.036    0.0  1.500 -999.9    330
ETBA 2014  3 19  78   12.6   31.5 26.000  5.753    0.0  1.490 -999.9    330
ETBA 2014  3 20  79   13.8   31.8 24.900  5.683    0.0  1.490 -999.9    330
ETBA 2014  3 21  80   14.6   30.9 25.200  5.642    4.1  1.470 -999.9    330
ETBA 2014  3 22  81   17.8   29.5 22.900  5.341    3.5  1.450 -999.9    330
ETBA 2014  3 23  82   18.0   26.8 22.200  5.058    0.0  1.430 -999.9    330
ETBA 2014  3 24  83   16.2   29.8 24.600  5.493    0.0  1.420 -999.9    330
ETBA 2014  3 25  84   15.2   30.7 23.300  5.376    0.0  1.420 -999.9    330
ETBA 2014  3 26  85   15.5   30.7 25.000  5.587    0.0  1.420 -999.9    330
ETBA 2014  3 27  86   15.7   30.5 25.000  5.585    0.0  1.430 -999.9    330
ETBA 2014  3 28  87   16.9   26.8 23.600  5.165    0.0  1.430 -999.9    330
ETBA 2014  3 29  88   15.4   30.5 23.900  5.434    0.0  1.430 -999.9    330
ETBA 2014  3 30  89   15.3   29.7 25.700  5.579    0.0  1.430 -999.9    330
ETBA 2014  3 31  90   16.3   30.2 22.700  5.299    0.0  1.450 -999.9    330
ETBA 2014  4  1  91   17.6   30.6 21.000  5.189    0.0  1.500 -999.9    330
ETBA 2014  4  2  92   17.4   27.4 16.700  4.453    0.0  1.520 -999.9    330
ETBA 2014  4  3  93   16.7   27.0 22.600  5.113    7.5  1.540 -999.9    330
ETBA 2014  4  4  94   17.1   26.3 19.800  4.739    1.3  1.530 -999.9    330
ETBA 2014  4  5  95   16.2   26.2 23.600  5.131    3.6  1.520 -999.9    330
ETBA 2014  4  6  96   16.3   27.3 19.800  4.749    0.0  1.500 -999.9    330
ETBA 2014  4  7  97   16.3   24.2 21.900  4.783    0.0  1.500 -999.9    330
ETBA 2014  4  8  98   13.9   29.3 25.900  5.561    0.0  1.520 -999.9    330
ETBA 2014  4  9  99   15.4   30.3 24.500  5.548    0.0  1.550 -999.9    330
ETBA 2014  4 10 100   15.4   27.8 23.900  5.290    3.9  1.580 -999.9    330
ETBA 2014  4 11 101   15.2   28.6 24.400  5.396    1.8  1.560 -999.9    330
ETBA 2014  4 12 102   16.8   29.1 19.100  4.832   11.3  1.550 -999.9    330
ETBA 2014  4 13 103   14.9   28.0 22.400  5.068    8.2  1.530 -999.9    330
ETBA 2014  4 14 104   17.6   28.4 23.600  5.343    4.2  1.540 -999.9    330
ETBA 2014  4 15 105   16.7   29.9 23.000  5.359    0.0  1.550 -999.9    330
ETBA 2014  4 16 106   15.8   29.2 23.100  5.278    0.0  1.560 -999.9    330
ETBA 2014  4 17 107   15.8   29.3 23.000  5.255    2.3  1.540 -999.9    330
ETBA 2014  4 18 108   15.8   30.3 22.600  5.261    2.0  1.510 -999.9    330
ETBA 2014  4 19 109   17.1   29.3 23.600  5.321    0.0  1.480 -999.9    330
ETBA 2014  4 20 110   14.9   29.9 25.600  5.508    0.0  1.450 -999.9    330
ETBA 2014  4 21 111   14.7   29.6 23.600  5.203    0.0  1.440 -999.9    330
ETBA 2014  4 22 112   15.2   29.1 22.300  5.003    9.8  1.430 -999.9    330
ETBA 2014  4 23 113   16.2   29.1 18.500  4.551   13.6  1.430 -999.9    330
ETBA 2014  4 24 114   17.1   29.2 25.000  5.418   16.7  1.430 -999.9    330
ETBA 2014  4 25 115   16.8   30.9 22.700  5.231   12.5  1.430 -999.9    330
ETBA 2014  4 26 116   17.6   26.5 20.800  4.700   20.4  1.420 -999.9    330
ETBA 2014  4 27 117   15.8   30.6 22.300  5.115   17.4  1.420 -999.9    330
ETBA 2014  4 28 118   17.1   26.9 12.000  3.599   11.9  1.430 -999.9    330
ETBA 2014  4 29 119   15.5   27.9 23.000  4.976    6.2  1.410 -999.9    330
ETBA 2014  4 30 120   16.4   25.2 22.600  4.759   11.7  1.390 -999.9    330
ETBA 2014  5  1 121   17.3   27.8 21.400  4.808   16.3  1.370 -999.9    330
ETBA 2014  5  2 122   17.3   24.6 19.400  4.352   12.4  1.360 -999.9    330
ETBA 2014  5  3 123   16.8   28.8 23.000  5.043    0.0  1.330 -999.9    330
ETBA 2014  5  4 124   17.6   27.5 23.100  4.986    5.3  1.320 -999.9    330
ETBA 2014  5  5 125   17.2   30.3 22.400  5.050    5.7  1.290 -999.9    330
ETBA 2014  5  6 126   17.3   28.8 21.900  4.855    7.7  1.250 -999.9    330
ETBA 2014  5  7 127   17.3   27.6 22.000  4.760    8.4  1.220 -999.9    330
ETBA 2014  5  8 128   16.3   26.9 22.400  4.697    4.3  1.180 -999.9    330
ETBA 2014  5  9 129   15.4   27.0 16.600  3.938    5.8  1.180 -999.9    330
ETBA 2014  5 10 130   14.4   25.7 15.700  3.737    7.9  1.190 -999.9    330
ETBA 2014  5 11 131   15.3   26.3 23.000  4.692   10.4  1.180 -999.9    330
ETBA 2014  5 12 132   14.0   26.6 24.600  4.871    3.7  1.200 -999.9    330
ETBA 2014  5 13 133   14.6   27.7 22.700  4.728    3.6  1.200 -999.9    330
ETBA 2014  5 14 134   15.4   27.9 23.200  4.833   10.6  1.210 -999.9    330
ETBA 2014  5 15 135   16.3   27.7 24.700  5.064    1.2  1.240 -999.9    330
ETBA 2014  5 16 136   15.7   27.6 24.700  5.053    6.6  1.270 -999.9    330
ETBA 2014  5 17 137   17.4   26.8 21.500  4.674   21.3  1.290 -999.9    330
ETBA 2014  5 18 138   18.5   26.4 21.900  4.745   11.8  1.300 -999.9    330
ETBA 2014  5 19 139   17.2   28.6 22.900  4.965    4.0  1.290 -999.9    330
ETBA 2014  5 20 140   16.0   27.1 18.800  4.299    0.0  1.290 -999.9    330
ETBA 2014  5 21 141   15.9   26.3 22.800  4.751   23.4  1.310 -999.9    330
ETBA 2014  5 22 142   16.8   24.4 14.700  3.673    6.4  1.290 -999.9    330
ETBA 2014  5 23 143   16.6   24.9 22.700  4.667   11.8  1.290 -999.9    330
ETBA 2014  5 24 144   16.9   22.6 17.000  3.854    9.6  1.280 -999.9    330
ETBA 2014  5 25 145   16.3   23.2 10.300  3.039    0.0  1.250 -999.9    330
ETBA 2014  5 26 146   17.1   24.3 23.000  4.626   17.0  1.220 -999.9    330
ETBA 2014  5 27 147   16.2   28.1 23.600  4.892   13.9  1.200 -999.9    330
ETBA 2014  5 28 148   17.2   27.0 25.100  5.041    1.4  1.200 -999.9    330
ETBA 2014  5 29 149   17.0   26.0 23.700  4.773    7.5  1.190 -999.9    330
ETBA 2014  5 30 150   16.4   28.8 24.500  5.024   10.5  1.170 -999.9    330
ETBA 2014  5 31 151   14.4   30.2 24.200  4.999    0.0  1.150 -999.9    330
ETBA 2014  6  1 152   15.7   27.7 18.800  4.136    5.1  1.130 -999.9    330
ETBA 2014  6  2 153   16.2   28.0 22.300  4.612    0.0  1.120 -999.9    330
ETBA 2014  6  3 154   15.3   29.8 23.000  4.786    0.0  1.110 -999.9    330
ETBA 2014  6  4 155   15.0   29.9 23.300  4.820    0.0  1.120 -999.9    330
ETBA 2014  6  5 156   14.6   29.5 21.200  4.482    8.3  1.110 -999.9    330
ETBA 2014  6  6 157   15.6   27.6 20.600  4.310    2.7  1.120 -999.9    330
ETBA 2014  6  7 158   15.3   29.8 23.000  4.764    0.0  1.120 -999.9    330
ETBA 2014  6  8 159   16.0   27.8 15.100  3.583    4.5  1.140 -999.9    330
ETBA 2014  6  9 160   16.0   25.1 21.500  4.284   17.0  1.160 -999.9    330
ETBA 2014  6 10 161   16.2   28.8 19.300  4.218    3.6  1.170 -999.9    330
ETBA 2014  6 11 162   15.6   27.0 20.700  4.277   12.8  1.180 -999.9    330
ETBA 2014  6 12 163   16.8   28.1 20.700  4.390    6.1  1.200 -999.9    330
ETBA 2014  6 13 164   17.3   26.2 23.300  4.638   17.0  1.200 -999.9    330
ETBA 2014  6 14 165   15.2   27.0 23.000  4.555    3.1  1.200 -999.9    330
ETBA 2014  6 15 166   15.5   29.1 22.700  4.662    2.1  1.190 -999.9    330
ETBA 2014  6 16 167   15.8   29.6 22.500  4.672    0.0  1.190 -999.9    330
ETBA 2014  6 17 168   15.9   28.8 22.700  4.643    1.4  1.180 -999.9    330
ETBA 2014  6 18 169   16.5   27.6 22.300  4.529    5.9  1.180 -999.9    330
ETBA 2014  6 19 170   17.9   26.9 14.700  3.475    0.0  1.150 -999.9    330
ETBA 2014  6 20 171   16.1   27.3 20.100  4.174    5.8  1.150 -999.9    330
ETBA 2014  6 21 172   16.8   28.8 21.000  4.415   11.4  1.160 -999.9    330
ETBA 2014  6 22 173   16.5   28.3 19.600  4.171    6.3  1.150 -999.9    330
ETBA 2014  6 23 174   15.9   26.5 16.600  3.639    9.7  1.150 -999.9    330
ETBA 2014  6 24 175   15.5   26.0 17.300  3.692    2.9  1.140 -999.9    330
ETBA 2014  6 25 176   15.2   25.3 17.500  3.678    7.6  1.170 -999.9    330
ETBA 2014  6 26 177   15.3   25.8 18.900  3.889    4.7  1.180 -999.9    330
ETBA 2014  6 27 178   15.1   27.0 18.000  3.818    6.3  1.170 -999.9    330
ETBA 2014  6 28 179   14.9   26.8 20.400  4.119    3.5  1.180 -999.9    330
ETBA 2014  6 29 180   15.1   25.0 22.600  4.308    7.7  1.200 -999.9    330
ETBA 2014  6 30 181   15.3   26.6 21.500  4.262    2.0  1.190 -999.9    330
ETBA 2014  7  1 182   15.7   25.9 19.500  3.953   13.3  1.170 -999.9    330
ETBA 2014  7  2 183   14.6   26.9 21.600  4.249    4.6  1.160 -999.9    330
ETBA 2014  7  3 184   15.3   27.7 20.900  4.223   11.3  1.160 -999.9    330
ETBA 2014  7  4 185   15.4   25.1 19.500  3.879    6.8  1.160 -999.9    330
ETBA 2014  7  5 186   15.2   26.9 18.400  3.814   17.7  1.140 -999.9    330
ETBA 2014  7  6 187   14.8   28.5 13.900  3.253    5.4  1.150 -999.9    330
ETBA 2014  7  7 188   15.6   25.4 16.700  3.521   28.3  1.160 -999.9    330
ETBA 2014  7  8 189   14.7   26.1 19.700  3.930   14.2  1.150 -999.9    330
ETBA 2014  7  9 190   14.8   27.7 18.400  3.847    4.5  1.160 -999.9    330
ETBA 2014  7 10 191   14.4   28.1 15.900  3.510   10.6  1.180 -999.9    330
ETBA 2014  7 11 192   15.1   27.1 18.400  3.827   10.0  1.200 -999.9    330
ETBA 2014  7 12 193   15.4   28.7 16.100  3.599    2.0  1.210 -999.9    330
ETBA 2014  7 13 194   14.3   26.1 19.300  3.868   10.1  1.220 -999.9    330
ETBA 2014  7 14 195   15.1   25.2 20.700  4.034    0.0  1.230 -999.9    330
ETBA 2014  7 15 196   16.4   25.4 13.200  3.075   14.4  1.250 -999.9    330
ETBA 2014  7 16 197   14.3   29.3 20.300  4.206    4.7  1.260 -999.9    330
ETBA 2014  7 17 198   13.7   29.8 15.800  3.566   11.9  1.260 -999.9    330
ETBA 2014  7 18 199   15.6   26.4 16.000  3.471    8.9  1.260 -999.9    330
ETBA 2014  7 19 200   15.0   25.9 14.300  3.194   14.4  1.260 -999.9    330
ETBA 2014  7 20 201   14.6   24.6 17.900  3.597   12.1  1.240 -999.9    330
ETBA 2014  7 21 202   16.0   26.8 12.800  3.041   12.1  1.240 -999.9    330
ETBA 2014  7 22 203   15.1   24.9 12.100  2.846    4.6  1.240 -999.9    330
ETBA 2014  7 23 204   14.9   25.8 14.700  3.231    0.0  1.250 -999.9    330
ETBA 2014  7 24 205   14.2   26.0 13.100  2.999    2.2  1.250 -999.9    330
ETBA 2014  7 25 206   14.6   25.6 15.000  3.246    0.0  1.240 -999.9    330
ETBA 2014  7 26 207   14.9   24.6 10.300  2.578    0.0  1.230 -999.9    330
ETBA 2014  7 27 208   14.9   25.1 13.100  2.975    9.1  1.220 -999.9    330
ETBA 2014  7 28 209   16.1   25.3 16.900  3.534    9.2  1.210 -999.9    330
ETBA 2014  7 29 210   14.8   26.2 11.000  2.720    2.6  1.200 -999.9    330
ETBA 2014  7 30 211   14.2   24.2 12.200  2.792    0.0  1.190 -999.9    330
ETBA 2014  7 31 212   14.9   23.3 10.200  2.514   12.0  1.180 -999.9    330
ETBA 2014  8  1 213   14.8   27.1 10.300  2.651   16.1  1.180 -999.9    330
ETBA 2014  8  2 214   15.5   24.2 14.300  3.105    0.0  1.170 -999.9    330
ETBA 2014  8  3 215   14.6   25.1 18.000  3.620    4.1  1.160 -999.9    330
ETBA 2014  8  4 216   14.2   24.1 14.500  3.090    0.0  1.150 -999.9    330
ETBA 2014  8  5 217   14.2   23.1 13.700  2.944    5.1  1.140 -999.9    330
ETBA 2014  8  6 218   14.3   26.7 14.800  3.248    2.5  1.140 -999.9    330
ETBA 2014  8  7 219   15.8   24.5 18.900  3.754   17.9  1.140 -999.9    330
ETBA 2014  8  8 220   14.4   25.0 12.500  2.868    5.5  1.150 -999.9    330
ETBA 2014  8  9 221   14.9   25.7 18.000  3.668    1.6  1.160 -999.9    330
ETBA 2014  8 10 222   14.1   22.9 15.500  3.171    0.0  1.150 -999.9    330
ETBA 2014  8 11 223   13.0   24.3 18.300  3.568   16.6  1.140 -999.9    330
ETBA 2014  8 12 224   14.0   27.1  7.000  2.175    2.7  1.140 -999.9    330
ETBA 2014  8 13 225   14.9   25.9 19.900  3.939   17.6  1.120 -999.9    330
ETBA 2014  8 14 226   14.7   26.3 23.700  4.484   15.7  1.120 -999.9    330
ETBA 2014  8 15 227   15.9   23.4 19.200  3.749   11.2  1.120 -999.9    330
ETBA 2014  8 16 228   14.1   23.8 19.000  3.676   11.9  1.100 -999.9    330
ETBA 2014  8 17 229   14.0   25.4 11.300  2.712    3.9  1.090 -999.9    330
ETBA 2014  8 18 230   15.0   24.5 19.400  3.799    6.3  1.080 -999.9    330
ETBA 2014  8 19 231   14.9   23.0 14.600  3.081   11.6  1.060 -999.9    330
ETBA 2014  8 20 232   13.9   26.2 12.500  2.901   11.3  1.050 -999.9    330
ETBA 2014  8 21 233   14.2   24.7 17.200  3.484    7.1  1.060 -999.9    330
ETBA 2014  8 22 234   13.6   23.6 13.500  2.922    4.1  1.040 -999.9    330
ETBA 2014  8 23 235   15.0   23.0 14.800  3.107    3.4  1.040 -999.9    330
ETBA 2014  8 24 236   14.2   28.2 20.500  4.122   16.9  1.020 -999.9    330
ETBA 2014  8 25 237   15.2   23.8 21.700  4.067   17.1  1.010 -999.9    330
ETBA 2014  8 26 238   15.0   25.9  9.800  2.523    9.1  0.990 -999.9    330
ETBA 2014  8 27 239   14.4   24.3 21.700  4.062    4.5  0.990 -999.9    330
ETBA 2014  8 28 240   14.6   25.8 22.700  4.293    4.0  0.980 -999.9    330
ETBA 2014  8 29 241   15.6   25.0 15.900  3.341   13.4  0.950 -999.9    330
ETBA 2014  8 30 242   14.6   28.3 14.000  3.187   10.9  0.950 -999.9    330
ETBA 2014  8 31 243   15.3   26.9 14.700  3.240    8.4  0.920 -999.9    330
ETBA 2014  9  1 244   14.2   22.8 14.600  3.029    9.7  0.930 -999.9    330
ETBA 2014  9  2 245   13.7   24.8 15.900  3.274    2.5  0.920 -999.9    330
ETBA 2014  9  3 246   14.4   24.4 14.100  3.037    3.1  0.920 -999.9    330
ETBA 2014  9  4 247   15.3   25.7 16.800  3.493    1.9  0.920 -999.9    330
ETBA 2014  9  5 248   14.3   25.3 14.100  3.080    4.7  0.920 -999.9    330
ETBA 2014  9  6 249   14.0   25.3 14.700  3.151   15.5  0.910 -999.9    330
ETBA 2014  9  7 250   14.4   25.7 10.600  2.618    1.9  0.910 -999.9    330
ETBA 2014  9  8 251   15.3   22.8 13.900  2.991    0.0  0.930 -999.9    330
ETBA 2014  9  9 252   14.2   22.5 13.600  2.912    4.9  0.930 -999.9    330
ETBA 2014  9 10 253   14.7   25.7 13.500  3.038    0.0  0.930 -999.9    330
ETBA 2014  9 11 254   14.4   25.3 22.100  4.175   17.1  0.920 -999.9    330
ETBA 2014  9 12 255   14.5   25.8 19.900  3.903   16.9  0.910 -999.9    330
ETBA 2014  9 13 256   15.4   23.9 16.600  3.396   13.4  0.910 -999.9    330
ETBA 2014  9 14 257   15.4   25.5 20.700  4.029    3.8  0.910 -999.9    330
ETBA 2014  9 15 258   14.9   27.1 23.000  4.423   16.2  0.920 -999.9    330
ETBA 2014  9 16 259   15.1   26.4 14.100  3.157    4.4  0.920 -999.9    330
ETBA 2014  9 17 260   14.8   24.8 20.300  3.914    8.3  0.920 -999.9    330
ETBA 2014  9 18 261   14.0   27.5 21.800  4.246   13.8  0.920 -999.9    330
ETBA 2014  9 19 262   15.0   29.6 20.100  4.173    3.4  0.930 -999.9    330
ETBA 2014  9 20 263   15.5   27.7 21.900  4.340    2.1  0.950 -999.9    330
ETBA 2014  9 21 264   13.9   25.4 22.100  4.180    2.9  0.980 -999.9    330
ETBA 2014  9 22 265   13.5   27.1 21.100  4.153    6.6  1.020 -999.9    330
ETBA 2014  9 23 266   15.5   27.3 17.700  3.776    9.5  1.040 -999.9    330
ETBA 2014  9 24 267   13.7   25.2 21.600  4.126    3.0  1.060 -999.9    330
ETBA 2014  9 25 268   15.8   27.5 22.300  4.453    5.9  1.080 -999.9    330
ETBA 2014  9 26 269   14.2   29.5 19.000  4.079    2.7  1.110 -999.9    330
ETBA 2014  9 27 270   12.8   27.0 15.900  3.503    0.0  1.150 -999.9    330
ETBA 2014  9 28 271   15.1   28.5 16.500  3.743    3.2  1.180 -999.9    330
ETBA 2014  9 29 272   13.7   27.9 22.200  4.440    2.6  1.190 -999.9    330
ETBA 2014  9 30 273   15.4   25.8 20.700  4.179    8.5  1.220 -999.9    330
ETBA 2014 10  1 274   15.7   28.1 22.600  4.599    5.0  1.240 -999.9    330
ETBA 2014 10  2 275   15.7   27.1 17.100  3.816    2.1  1.260 -999.9    330
ETBA 2014 10  3 276   15.9   25.1 20.200  4.130    2.5  1.300 -999.9    330
ETBA 2014 10  4 277   15.1   24.2 20.800  4.136   18.7  1.340 -999.9    330
ETBA 2014 10  5 278   15.8   25.5 12.600  3.221   14.4  1.370 -999.9    330
ETBA 2014 10  6 279   15.3   25.6 16.100  3.686    2.3  1.420 -999.9    330
ETBA 2014 10  7 280   13.5   25.0 22.200  4.350    4.6  1.440 -999.9    330
ETBA 2014 10  8 281   13.5   28.3 22.100  4.591   13.1  1.470 -999.9    330
ETBA 2014 10  9 282   14.5   26.9 20.800  4.387   10.9  1.520 -999.9    330
ETBA 2014 10 10 283   14.5   27.2 19.600  4.289    9.5  1.560 -999.9    330
ETBA 2014 10 11 284   15.1   24.9 22.900  4.572    0.0  1.590 -999.9    330
ETBA 2014 10 12 285   13.4   29.0 21.200  4.621    2.2  1.620 -999.9    330
ETBA 2014 10 13 286   13.8   26.4 19.800  4.286    0.0  1.640 -999.9    330
ETBA 2014 10 14 287   15.1   25.2 18.500  4.107    0.0  1.650 -999.9    330
ETBA 2014 10 15 288   13.7   28.4 22.300  4.751    0.0  1.660 -999.9    330
ETBA 2014 10 16 289   13.4   30.0 22.800  4.934    0.0  1.660 -999.9    330
ETBA 2014 10 17 290   11.9   30.1 24.000  5.056    0.0  1.690 -999.9    330
ETBA 2014 10 18 291   10.8   26.1 23.000  4.567    0.0  1.700 -999.9    330
ETBA 2014 10 19 292   12.9   27.8 23.100  4.798    0.0  1.710 -999.9    330
ETBA 2014 10 20 293   14.2   27.8 21.000  4.593   15.7  1.710 -999.9    330
ETBA 2014 10 21 294   15.2   28.7 22.600  4.898    0.0  1.720 -999.9    330
ETBA 2014 10 22 295   10.9   29.6 24.000  5.006    0.0  1.740 -999.9    330
ETBA 2014 10 23 296   11.3   27.9 22.600  4.712    0.0  1.750 -999.9    330
ETBA 2014 10 24 297   11.3   26.8 23.900  4.770    0.0  1.760 -999.9    330
ETBA 2014 10 25 298   10.6   29.0 23.900  4.954    0.0  1.770 -999.9    330
ETBA 2014 10 26 299   11.1   26.9 20.700  4.441    0.0  1.790 -999.9    330
ETBA 2014 10 27 300   11.8   26.5 21.900  4.570    0.0  1.800 -999.9    330
ETBA 2014 10 28 301   12.9   25.0 22.000  4.503    0.0  1.800 -999.9    330
ETBA 2014 10 29 302   11.1   28.2 23.300  4.858    0.0  1.810 -999.9    330
ETBA 2014 10 30 303   10.8   27.3 22.500  4.690    0.0  1.820 -999.9    330
ETBA 2014 10 31 304   11.6   28.5 23.200  4.903    0.0  1.820 -999.9    330
ETBA 2014 11  1 305   10.6   29.3 23.500  4.988    0.0  1.830 -999.9    330
ETBA 2014 11  2 306   11.1   29.0 23.200  4.940    0.0  1.830 -999.9    330
ETBA 2014 11  3 307   10.2   26.0 23.800  4.708    0.0  1.830 -999.9    330
ETBA 2014 11  4 308    9.0   27.3 23.700  4.762    0.0  1.810 -999.9    330
ETBA 2014 11  5 309   10.5   29.4 23.500  4.964    0.0  1.780 -999.9    330
ETBA 2014 11  6 310    8.5   28.2 23.800  4.813    0.0  1.770 -999.9    330
ETBA 2014 11  7 311   11.0   25.8 22.300  4.508    0.0  1.760 -999.9    330
ETBA 2014 11  8 312   10.8   29.0 22.000  4.730    0.0  1.740 -999.9    330
ETBA 2014 11  9 313    9.6   28.9 22.100  4.688    0.0  1.730 -999.9    330
ETBA 2014 11 10 314    9.8   25.5 23.300  4.509    0.0  1.710 -999.9    330
ETBA 2014 11 11 315    8.9   27.5 22.600  4.557    0.0  1.680 -999.9    330
ETBA 2014 11 12 316    8.9   29.6 22.600  4.746    0.0  1.690 -999.9    330
ETBA 2014 11 13 317   13.2   28.1 21.900  4.662    0.0  1.690 -999.9    330
ETBA 2014 11 14 318   13.2   28.1 20.600  4.533    0.0  1.720 -999.9    330
ETBA 2014 11 15 319   14.8   26.9 16.200  4.023    5.2  1.730 -999.9    330
ETBA 2014 11 16 320   14.3   28.5 21.700  4.731    1.8  1.730 -999.9    330
ETBA 2014 11 17 321   13.7   25.4 19.400  4.229    2.2  1.730 -999.9    330
ETBA 2014 11 18 322   11.2   30.1 22.100  4.807    7.3  1.710 -999.9    330
ETBA 2014 11 19 323   12.8   28.1 21.400  4.605    0.0  1.720 -999.9    330
ETBA 2014 11 20 324   11.7   29.3 22.200  4.772    0.0  1.740 -999.9    330
ETBA 2014 11 21 325   10.3   26.2 21.000  4.360    1.5  1.760 -999.9    330
ETBA 2014 11 22 326   14.1   27.4 20.200  4.495    0.0  1.770 -999.9    330
ETBA 2014 11 23 327   14.9   24.9 22.400  4.563    2.9  1.760 -999.9    330
ETBA 2014 11 24 328   13.9   27.4 19.900  4.449    0.0  1.750 -999.9    330
ETBA 2014 11 25 329   14.2   28.8 14.400  3.981    0.0  1.750 -999.9    330
ETBA 2014 11 26 330   14.9   28.5 16.200  4.183    3.3  1.760 -999.9    330
ETBA 2014 11 27 331   13.8   28.6 19.500  4.530    0.0  1.780 -999.9    330
ETBA 2014 11 28 332   13.0   28.8 22.500  4.854    0.0  1.790 -999.9    330
ETBA 2014 11 29 333   12.9   28.1 21.200  4.651    0.0  1.780 -999.9    330
ETBA 2014 11 30 334   13.2   26.7 21.100  4.517    0.0  1.750 -999.9    330
ETBA 2014 12  1 335   13.0   25.1 13.700  3.666    2.4  1.750 -999.9    330
ETBA 2014 12  2 336   10.6   29.3 21.400  4.695    0.0  1.750 -999.9    330
ETBA 2014 12  3 337   11.4   27.1 21.900  4.571    0.0  1.750 -999.9    330
ETBA 2014 12  4 338    8.5   28.3 22.800  4.702    0.0  1.760 -999.9    330
ETBA 2014 12  5 339    7.8   29.5 22.600  4.767    0.0  1.740 -999.9    330
ETBA 2014 12  6 340   10.9   27.8 20.700  4.487    0.0  1.730 -999.9    330
ETBA 2014 12  7 341   12.2   27.1 21.300  4.524    0.0  1.730 -999.9    330
ETBA 2014 12  8 342   11.5   24.5 20.100  4.191    0.0  1.740 -999.9    330
ETBA 2014 12  9 343   14.1   25.0 19.200  4.234    2.0  1.740 -999.9    330
ETBA 2014 12 10 344   11.3   24.2 22.100  4.364    0.0  1.740 -999.9    330
ETBA 2014 12 11 345    9.0   26.2 22.500  4.492    0.0  1.710 -999.9    330
ETBA 2014 12 12 346    8.0   24.8 22.800  4.353    0.0  1.670 -999.9    330
ETBA 2014 12 13 347    8.5   25.6 22.300  4.376    0.0  1.650 -999.9    330
ETBA 2014 12 14 348    8.4   25.8 22.800  4.440    0.0  1.640 -999.9    330
ETBA 2014 12 15 349    9.3   25.9 21.800  4.396    0.0  1.650 -999.9    330
ETBA 2014 12 16 350   10.1   25.5 22.100  4.408    0.0  1.640 -999.9    330
ETBA 2014 12 17 351   13.5   23.3 20.100  4.168    0.0  1.620 -999.9    330
ETBA 2014 12 18 352   13.7   24.2 19.500  4.179    0.0  1.610 -999.9    330
ETBA 2014 12 19 353   10.7   25.4 20.800  4.285    0.0  1.590 -999.9    330
ETBA 2014 12 20 354   11.3   25.3 21.800  4.378    0.0  1.580 -999.9    330
ETBA 2014 12 21 355   12.5   26.3 20.000  4.314    0.0  1.570 -999.9    330
ETBA 2014 12 22 356   11.2   25.0 21.600  4.335    0.0  1.580 -999.9    330
ETBA 2014 12 23 357   11.1   25.1 21.600  4.354    0.0  1.590 -999.9    330
ETBA 2014 12 24 358   11.8   24.3 17.400  3.957    0.0  1.600 -999.9    330
ETBA 2014 12 25 359   13.1   26.9 21.300  4.559    0.0  1.620 -999.9    330
ETBA 2014 12 26 360   11.2   25.4 18.000  4.099    0.0  1.620 -999.9    330
ETBA 2014 12 27 361   13.8   26.7 20.900  4.574    0.0  1.660 -999.9    330
ETBA 2014 12 28 362   12.8   25.9 20.900  4.493    0.0  1.670 -999.9    330
ETBA 2014 12 29 363   10.7   26.1 22.900  4.647    0.0  1.680 -999.9    330
ETBA 2014 12 30 364    7.9   25.4 22.900  4.539    0.0  1.710 -999.9    330
ETBA 2014 12 31 365    8.5   26.0 22.900  4.651    0.0  1.760 -999.9    330
