MANT 2009  1  1   1   10.0   35.3 20.503  8.854    0.0  3.700 -999.9    330
MANT 2009  1  2   2   10.0   34.5 21.302  8.583    0.0  3.600 -999.9    330
MANT 2009  1  3   3   10.0   34.3 17.085  8.143    0.0  3.400 -999.9    330
MANT 2009  1  4   4   10.0   33.8 18.944  6.812    0.0  2.500 -999.9    330
MANT 2009  1  5   5   10.0   33.0 16.840  5.956    0.0  2.100 -999.9    330
MANT 2009  1  6   6   12.9   33.5 15.926  5.964    0.0  2.100 -999.9    330
MANT 2009  1  7   7   11.0   31.7 16.336  7.162    0.0  3.200 -999.9    330
MANT 2009  1  8   8   10.4   30.0 18.867  6.466    0.0  2.800 -999.9    330
MANT 2009  1  9   9   10.0   29.5 19.945  7.266    0.0  3.500 -999.9    330
MANT 2009  1 10  10    9.0   30.4 18.919  6.383    0.0  2.600 -999.9    330
MANT 2009  1 11  11   10.8   31.1 18.926  6.891    0.0  2.900 -999.9    330
MANT 2009  1 12  12   10.5   30.3 18.802  6.810    0.0  3.200 -999.9    330
MANT 2009  1 13  13   11.5   27.8 20.001  6.949    0.0  3.400 -999.9    330
MANT 2009  1 14  14    9.5   28.4 19.088  7.038    0.0  3.500 -999.9    330
MANT 2009  1 15  15   10.5   30.0 19.101  6.707    0.0  2.900 -999.9    330
MANT 2009  1 16  16   11.0   30.8 19.380  7.303    0.0  3.200 -999.9    330
MANT 2009  1 17  17   10.0   29.3 11.978  7.558    0.0  3.900 -999.9    330
MANT 2009  1 18  18   11.0   25.5  8.807  6.301    0.0  3.800 -999.9    330
MANT 2009  1 19  19    9.3   24.8 18.787  6.803    0.0  3.900 -999.9    330
MANT 2009  1 20  20    8.0   25.3 15.626  5.937    0.0  3.000 -999.9    330
MANT 2009  1 21  21    6.0   25.5 12.727  5.743    0.0  2.900 -999.9    330
MANT 2009  1 22  22   11.5   26.5 11.149  7.748    0.0  4.800 -999.9    330
MANT 2009  1 23  23   10.5   26.0  7.454  7.171    0.0  4.100 -999.9    330
MANT 2009  1 24  24   11.0   27.8 20.820  6.774    0.0  3.000 -999.9    330
MANT 2009  1 25  25    7.5   30.3 20.174  6.649    0.0  2.600 -999.9    330
MANT 2009  1 26  26    7.3   35.5 20.854  6.959    0.0  2.200 -999.9    330
MANT 2009  1 27  27    8.5   35.0 21.138  7.571    0.0  2.600 -999.9    330
MANT 2009  1 28  28    8.5   32.3 20.899  7.918    0.0  3.200 -999.9    330
MANT 2009  1 29  29    9.5   35.3 21.038  8.365    0.0  3.100 -999.9    330
MANT 2009  1 30  30   10.5   36.5 21.575  8.955    0.0  3.300 -999.9    330
MANT 2009  1 31  31   10.5   37.0 21.190  8.090    0.0  2.700 -999.9    330
MANT 2009  2  1  32   10.5   37.8 20.278  7.842    0.0  2.500 -999.9    330
MANT 2009  2  2  33   12.3   38.5 20.688  6.144    0.0  1.600 -999.9    330
MANT 2009  2  3  34   13.0   38.5 19.910  6.723    0.0  1.900 -999.9    330
MANT 2009  2  4  35   17.3   38.0 19.662  5.781    0.0  1.600 -999.9    330
MANT 2009  2  5  36   15.5   37.5 18.619  5.285    0.0  1.300 -999.9    330
MANT 2009  2  6  37   14.8   38.5 19.975  4.677    0.0  0.900 -999.9    330
MANT 2009  2  7  38   15.0   39.0 19.850  9.080    0.0  3.100 -999.9    330
MANT 2009  2  8  39   14.5   35.0 17.878 10.156    0.0  4.600 -999.9    330
MANT 2009  2  9  40   12.5   33.3 18.680  8.799    0.0  3.700 -999.9    330
MANT 2009  2 10  41   10.3   35.3 19.352  8.605    0.0  3.200 -999.9    330
MANT 2009  2 11  42   13.5   36.8 17.381  8.326    0.0  2.900 -999.9    330
MANT 2009  2 12  43   14.5   38.0 17.262  7.566    0.0  2.400 -999.9    330
MANT 2009  2 13  44   13.0   38.2 18.469  8.820    0.0  3.000 -999.9    330
MANT 2009  2 14  45   11.5   37.0 19.812  9.174    0.0  3.300 -999.9    330
MANT 2009  2 15  46   12.5   37.7 18.391  7.672    0.0  2.400 -999.9    330
MANT 2009  2 16  47   16.5   38.5 16.682  3.871    0.0  0.600 -999.9    330
MANT 2009  2 17  48   17.0   36.0  7.973  3.632    0.0  1.300 -999.9    330
MANT 2009  2 18  49   22.0   34.8 14.055  4.568    1.5  1.800 -999.9    330
MANT 2009  2 19  50   20.3   31.0  7.454  5.570    0.0  2.500 -999.9    330
MANT 2009  2 20  51   20.8   30.5 11.164  8.136    0.0  4.500 -999.9    330
MANT 2009  2 21  52   19.5   35.5 19.248 10.083    0.0  4.700 -999.9    330
MANT 2009  2 22  53   19.3   37.8 17.674 10.594    0.0  4.600 -999.9    330
MANT 2009  2 23  54   20.5   38.0 18.487  9.577    0.0  3.800 -999.9    330
MANT 2009  2 24  55   15.0   38.0 19.843  9.087    0.0  3.200 -999.9    330
MANT 2009  2 25  56   14.5   38.5 19.718  8.439    0.0  2.700 -999.9    330
MANT 2009  2 26  57   15.5   39.0 16.689  7.009    0.0  2.300 -999.9    330
MANT 2009  2 27  58   18.0   39.5 18.812  7.056    0.0  2.400 -999.9    330
MANT 2009  2 28  59   20.0   40.0 15.915  5.411    0.0  1.500 -999.9    330
MANT 2009  3  1  60   23.8   39.3 17.513  5.453    0.0  1.300 -999.9    330
MANT 2009  3  2  61   18.0   39.0 17.395  7.779    0.0  2.500 -999.9    330
MANT 2009  3  3  62   18.5   39.5 16.217  5.937    0.0  1.800 -999.9    330
MANT 2009  3  4  63   20.3   40.0 11.592  5.139    0.0  1.300 -999.9    330
MANT 2009  3  5  64   23.5   39.8 16.940 10.394    0.0  3.800 -999.9    330
MANT 2009  3  6  65   18.0   39.5 19.322  9.513    0.0  3.200 -999.9    330
MANT 2009  3  7  66   14.3   38.0 21.179 10.025    0.0  3.600 -999.9    330
MANT 2009  3  8  67   13.0   37.8 21.851  9.223    0.0  3.100 -999.9    330
MANT 2009  3  9  68   13.3   36.0 21.071  7.141    0.0  2.100 -999.9    330
MANT 2009  3 10  69   15.3   40.3 22.143  7.239    0.0  1.900 -999.9    330
MANT 2009  3 11  70   23.8   39.3 20.704  7.856    0.0  2.600 -999.9    330
MANT 2009  3 12  71   21.0   37.5 19.264  7.301    0.0  2.800 -999.9    330
MANT 2009  3 13  72   23.5   36.5 16.763  6.245    3.0  2.300 -999.9    330
MANT 2009  3 14  73   22.0   37.0 14.036  4.427    0.0  1.000 -999.9    330
MANT 2009  3 15  74   25.0   38.5 18.398  4.461    0.0  0.700 -999.9    330
MANT 2009  3 16  75   22.5   39.0 17.614  4.563    0.0  0.800 -999.9    330
MANT 2009  3 17  76   24.5   40.3 17.623  8.492    0.0  2.900 -999.9    330
MANT 2009  3 18  77   24.8   38.5 18.823  8.213    0.0  3.300 -999.9    330
MANT 2009  3 19  78   27.5   38.0 19.498  6.970    0.0  2.000 -999.9    330
MANT 2009  3 20  79   23.3   32.8 15.144  4.138    3.0  0.900 -999.9    330
MANT 2009  3 21  80   22.5   32.7 19.397  5.330    0.0  1.300 -999.9    330
MANT 2009  3 22  81   21.0   38.0 20.741  9.146    0.0  3.100 -999.9    330
MANT 2009  3 23  82   19.5   41.2 20.767  7.062    0.0  2.000 -999.9    330
MANT 2009  3 24  83   24.3   39.5 16.418  6.346    1.0  2.100 -999.9    330
MANT 2009  3 25  84   24.0   39.5 20.651  4.425    0.0  0.500 -999.9    330
MANT 2009  3 26  85   25.5   40.0 14.055  6.103    0.0  1.900 -999.9    330
MANT 2009  3 27  86   26.3   39.8 19.352  4.706    0.0  0.700 -999.9    330
MANT 2009  3 28  87   28.3   39.5 13.016  7.041    0.0  2.400 -999.9    330
MANT 2009  3 29  88   27.4   39.0 11.702  8.504    0.0  3.000 -999.9    330
MANT 2009  3 30  89   26.8   39.3 15.422  6.177    0.0  1.600 -999.9    330
MANT 2009  3 31  90   26.0   40.0 16.232 10.385    0.0  3.800 -999.9    330
MANT 2009  4  1  91   27.7   40.0 20.767  8.285    0.0  2.400 -999.9    330
MANT 2009  4  2  92   24.5   40.0 20.642  6.471    0.0  1.500 -999.9    330
MANT 2009  4  3  93   19.8   40.0 19.991  6.645    0.0  1.600 -999.9    330
MANT 2009  4  4  94   19.0   40.0 21.058  9.708    0.0  3.100 -999.9    330
MANT 2009  4  5  95   19.5   40.3 21.335  6.777    0.0  1.600 -999.9    330
MANT 2009  4  6  96   16.8   40.0 20.953  9.894    0.0  3.200 -999.9    330
MANT 2009  4  7  97   17.5   39.8 19.513  8.489    0.0  2.500 -999.9    330
MANT 2009  4  8  98   18.5   39.8 20.192  6.431    0.0  1.500 -999.9    330
MANT 2009  4  9  99   19.5   40.3 20.343  6.716    0.0  1.600 -999.9    330
MANT 2009  4 10 100   21.0   40.3 20.899  9.445    0.0  3.500 -999.9    330
MANT 2009  4 11 101   21.5   40.5 21.038  6.583    0.0  1.500 -999.9    330
MANT 2009  4 12 102   20.6   40.0 20.387  4.733    0.0  0.700 -999.9    330
MANT 2009  4 13 103   23.5   40.0 20.265  5.629    0.0  1.100 -999.9    330
MANT 2009  4 14 104   25.5   39.5 15.386  8.851    0.0  3.200 -999.9    330
MANT 2009  4 15 105   28.3   39.8 19.762  7.829   43.0  2.300 -999.9    330
MANT 2009  4 16 106   21.5   32.5  7.466  4.397    3.5  1.800 -999.9    330
MANT 2009  4 17 107   25.0   34.7 19.794  5.919    0.0  1.500 -999.9    330
MANT 2009  4 18 108   21.8   37.8 21.536  8.811    0.0  2.800 -999.9    330
MANT 2009  4 19 109   20.0   39.0 21.559  4.848    0.0  0.700 -999.9    330
MANT 2009  4 20 110   20.8   40.8 21.962  5.805    0.0  1.100 -999.9    330
MANT 2009  4 21 111   25.5   38.8 13.784  6.577    0.0  2.000 -999.9    330
MANT 2009  4 22 112   26.0   36.5 16.302  4.699    0.0  0.900 -999.9    330
MANT 2009  4 23 113   21.5   38.7 20.410 12.042    0.0  4.700 -999.9    330
MANT 2009  4 24 114   24.5   40.0 18.175 12.128    0.0  4.600 -999.9    330
MANT 2009  4 25 115   20.0   38.5 11.438  7.481    0.0  2.300 -999.9    330
MANT 2009  4 26 116   19.5   39.0 16.085  5.420    0.0  1.200 -999.9    330
MANT 2009  4 27 117   20.8   40.5 18.752  8.961    0.0  3.000 -999.9    330
MANT 2009  4 28 118   27.5   40.5 16.016  6.884    0.0  1.900 -999.9    330
MANT 2009  4 29 119   27.5   40.5 17.078  4.803    0.0  0.800 -999.9    330
MANT 2009  4 30 120   25.5   39.0 17.085  6.300    0.0  1.900 -999.9    330
MANT 2009  5  1 121   25.0   38.5 20.794  6.408    0.0  1.500 -999.9    330
MANT 2009  5  2 122   20.0   42.0 21.864  7.670    0.0  1.900 -999.9    330
MANT 2009  5  3 123   20.5   42.3 22.011  8.234    0.0  2.300 -999.9    330
MANT 2009  5  4 124   26.0   41.0 20.969  6.431    0.0  1.400 -999.9    330
MANT 2009  5  5 125   26.8   40.0 20.854  8.635    0.0  3.300 -999.9    330
MANT 2009  5  6 126   22.3   37.8 17.426  6.972    0.0  2.800 -999.9    330
MANT 2009  5  7 127   27.0   37.3 21.559  7.513    8.0  3.000 -999.9    330
MANT 2009  5  8 128   23.0   37.0 15.890  6.131    0.0  2.200 -999.9    330
MANT 2009  5  9 129   24.0   37.0 22.368  6.515    0.0  2.000 -999.9    330
MANT 2009  5 10 130   26.0   36.5  9.299  5.925    0.0  3.000 -999.9    330
MANT 2009  5 11 131   24.8   35.5 13.139  5.466    0.0  2.200 -999.9    330
MANT 2009  5 12 132   25.0   37.5 20.953  6.088    4.0  1.700 -999.9    330
MANT 2009  5 13 133   23.8   36.7 22.028  4.374    0.0  0.300 -999.9    330
MANT 2009  5 14 134   23.0   37.0 22.444  5.503    0.0  1.000 -999.9    330
MANT 2009  5 15 135   24.5   39.5 21.669  6.540    0.0  1.500 -999.9    330
MANT 2009  5 16 136   24.8   40.3 18.655  6.575    0.0  1.800 -999.9    330
MANT 2009  5 17 137   25.3   39.5 19.322  7.102   10.0  2.000 -999.9    330
MANT 2009  5 18 138   22.0   39.0 17.746  6.379    0.0  1.700 -999.9    330
MANT 2009  5 19 139   25.3   39.5 18.548  7.884    0.0  2.600 -999.9    330
MANT 2009  5 20 140   27.7   40.0 16.444  7.253    0.0  2.300 -999.9    330
MANT 2009  5 21 141   27.3   40.8 17.646  7.936    0.0  2.700 -999.9    330
MANT 2009  5 22 142   27.3   40.5 19.115  7.951    0.0  3.100 -999.9    330
MANT 2009  5 23 143   27.0   39.5 18.867  8.114    0.0  2.800 -999.9    330
MANT 2009  5 24 144   23.5   36.8 19.547  6.439    4.5  2.000 -999.9    330
MANT 2009  5 25 145   22.5   37.0 22.218  5.452    0.0  1.000 -999.9    330
MANT 2009  5 26 146   26.3   40.0 20.642  6.538    0.0  1.600 -999.9    330
MANT 2009  5 27 147   28.0   40.0 20.915  7.980    0.0  2.800 -999.9    330
MANT 2009  5 28 148   21.3   37.0  8.110  6.626    4.0  2.900 -999.9    330
MANT 2009  5 29 149   22.5   36.0 23.450  7.322    0.0  2.300 -999.9    330
MANT 2009  5 30 150   23.5   39.0 22.143  8.585    0.0  3.000 -999.9    330
MANT 2009  5 31 151   27.8   40.0 19.513  7.717    0.0  2.600 -999.9    330
MANT 2009  6  1 152   25.7   39.5  9.726  5.089    0.0  1.900 -999.9    330
MANT 2009  6  2 153   28.0   40.5 21.801  7.514    4.5  2.200 -999.9    330
MANT 2009  6  3 154   19.5   40.5 20.107  8.023    1.5  3.500 -999.9    330
MANT 2009  6  4 155   20.5   37.3 10.081  6.155    0.0  2.700 -999.9    330
MANT 2009  6  5 156   24.5   36.5 19.991  6.902   20.0  2.800 -999.9    330
MANT 2009  6  6 157   18.5   35.3 11.413  5.222    9.0  2.200 -999.9    330
MANT 2009  6  7 158   21.5   34.3 22.922  5.890    0.0  1.600 -999.9    330
MANT 2009  6  8 159   23.5   35.0 10.106  3.906    0.0  1.100 -999.9    330
MANT 2009  6  9 160   23.5   35.8 11.702  6.807    0.0  2.700 -999.9    330
MANT 2009  6 10 161   26.3   38.3 15.820  4.719    0.0  0.900 -999.9    330
MANT 2009  6 11 162   23.8   33.5  7.614  5.021   28.0  3.200 -999.9    330
MANT 2009  6 12 163   21.0   30.3 17.336  5.329    9.0  1.900 -999.9    330
MANT 2009  6 13 164   21.5   33.0 18.530  5.827    0.0  2.300 -999.9    330
MANT 2009  6 14 165   22.0   29.0 22.236  4.790   12.0  1.100 -999.9    330
MANT 2009  6 15 166   20.8   31.5 18.548  5.649    0.0  1.900 -999.9    330
MANT 2009  6 16 167   24.5   33.0 21.071  7.229    0.0  3.300 -999.9    330
MANT 2009  6 17 168   22.5   34.3 20.820  6.061    1.0  2.700 -999.9    330
MANT 2009  6 18 169   22.5   35.0 20.174  4.583    0.0  0.700 -999.9    330
MANT 2009  6 19 170   25.2   36.0 20.986  6.355    0.0  2.800 -999.9    330
MANT 2009  6 20 171   24.5   34.5 10.133  6.300    0.0  3.700 -999.9    330
MANT 2009  6 21 172   24.0   33.0 19.711  6.337   31.0  3.200 -999.9    330
MANT 2009  6 22 173   19.5   33.3 19.454  4.928    0.0  1.600 -999.9    330
MANT 2009  6 23 174   23.0   33.3 22.236  4.699    0.0  0.600 -999.9    330
MANT 2009  6 24 175   24.5   35.8 21.454  6.293    0.0  2.100 -999.9    330
MANT 2009  6 25 176   27.0   36.0 18.427  6.903    0.0  3.100 -999.9    330
MANT 2009  6 26 177   23.5   34.2 22.276  6.794    0.0  2.500 -999.9    330
MANT 2009  6 27 178   22.0   32.3 11.570  5.193    0.0  2.200 -999.9    330
MANT 2009  6 28 179   22.5   33.0 20.721  5.905    0.0  2.600 -999.9    330
MANT 2009  6 29 180   25.8   35.5 19.547  5.704   14.0  2.700 -999.9    330
MANT 2009  6 30 181   19.5   34.5 21.955  6.894    0.0  2.600 -999.9    330
MANT 2009  7  1 182   20.3   30.8 12.721  3.652    4.0  1.500 -999.9    330
MANT 2009  7  2 183   19.8   30.8 22.632  5.356    0.0  1.400 -999.9    330
MANT 2009  7  3 184   22.3   34.5 23.040  6.078    0.0  1.800 -999.9    330
MANT 2009  7  4 185   23.3   36.0 21.071  6.277    0.0  2.400 -999.9    330
MANT 2009  7  5 186   24.5   36.5 19.762  6.179    0.0  2.700 -999.9    330
MANT 2009  7  6 187   22.5   35.0 19.513  5.618    0.0  2.200 -999.9    330
MANT 2009  7  7 188   21.0   35.8 19.662  5.585    8.0  2.800 -999.9    330
MANT 2009  7  8 189   19.5   31.8 10.133  3.791    0.0  1.800 -999.9    330
MANT 2009  7  9 190   22.5   31.3 22.350  5.695   23.0  2.300 -999.9    330
MANT 2009  7 10 191   16.8   29.0  7.705  3.470    7.0  2.700 -999.9    330
MANT 2009  7 11 192   21.5   28.0 21.575  5.155   32.0  2.100 -999.9    330
MANT 2009  7 12 193   19.0   31.0 23.436  5.508    0.0  2.200 -999.9    330
MANT 2009  7 13 194   19.0   31.3 22.393  5.272    0.0  1.900 -999.9    330
MANT 2009  7 14 195   20.5   32.0  9.444  3.556   23.0  1.500 -999.9    330
MANT 2009  7 15 196   22.0   28.8 16.997  5.070    0.0  2.500 -999.9    330
MANT 2009  7 16 197   22.3   31.3 21.516  5.330   13.0  2.000 -999.9    330
MANT 2009  7 17 198   17.8   31.3 21.801  5.565    2.3  2.600 -999.9    330
MANT 2009  7 18 199   22.6   30.5 11.661  4.091   22.0  3.300 -999.9    330
MANT 2009  7 19 200   20.5   30.0 14.042  4.416    0.0  2.500 -999.9    330
MANT 2009  7 20 201   22.5   31.8 21.972  4.725    0.0  0.900 -999.9    330
MANT 2009  7 21 202   21.8   32.5 21.190  4.895    0.0  1.100 -999.9    330
MANT 2009  7 22 203   21.5   32.8 19.617  5.581    0.0  2.300 -999.9    330
MANT 2009  7 23 204   23.8   33.2 21.350  5.986    0.0  2.400 -999.9    330
MANT 2009  7 24 205   24.0   34.0 21.366  5.468    0.0  1.900 -999.9    330
MANT 2009  7 25 206   23.3   32.8 11.051  3.776    0.0  2.200 -999.9    330
MANT 2009  7 26 207   24.8   34.8 20.873  5.458    0.0  1.600 -999.9    330
MANT 2009  7 27 208   22.3   33.5 20.767  5.143   11.0  1.800 -999.9    330
MANT 2009  7 28 209   20.8   32.8 16.022  4.439    0.0  1.300 -999.9    330
MANT 2009  7 29 210   23.0   30.0 10.086  3.175    4.3  1.800 -999.9    330
MANT 2009  7 30 211   21.0   30.5 23.965  5.606    0.0  2.200 -999.9    330
MANT 2009  7 31 212   23.5   31.3 10.759  3.493    0.0  1.800 -999.9    330
MANT 2009  8  1 213   20.5   29.3  8.783  3.304   23.0  1.900 -999.9    330
MANT 2009  8  2 214   22.5   30.3 21.366  4.778    0.0  1.400 -999.9    330
MANT 2009  8  3 215   22.0   31.7 15.422  4.071   37.0  1.700 -999.9    330
MANT 2009  8  4 216   21.3   31.3 15.835  4.058    2.0  1.800 -999.9    330
MANT 2009  8  5 217   21.3   31.0 20.635  4.586    0.0  1.200 -999.9    330
MANT 2009  8  6 218   22.5   30.5 12.853  3.463    0.0  1.400 -999.9    330
MANT 2009  8  7 219   22.5   29.0 11.671  3.003    0.0  1.200 -999.9    330
MANT 2009  8  8 220   22.0   30.3 21.454  4.902    0.0  1.900 -999.9    330
MANT 2009  8  9 221   21.3   30.8 14.064  3.469   16.0  1.300 -999.9    330
MANT 2009  8 10 222   20.5   30.0 21.746  4.560    0.0  0.900 -999.9    330
MANT 2009  8 11 223   20.8   35.0 18.718  4.345    0.0  0.900 -999.9    330
MANT 2009  8 12 224   22.5   33.8 18.734  5.145   17.0  2.100 -999.9    330
MANT 2009  8 13 225   20.0   31.0 14.376  4.420    0.0  2.500 -999.9    330
MANT 2009  8 14 226   21.2   29.3 12.232  3.410    7.0  1.300 -999.9    330
MANT 2009  8 15 227   21.0   30.3 11.183  3.333    0.0  1.600 -999.9    330
MANT 2009  8 16 228   21.0   31.5 17.293  3.986    5.0  1.100 -999.9    330
MANT 2009  8 17 229   20.5   30.5 12.717  3.519    0.0  1.200 -999.9    330
MANT 2009  8 18 230   20.8   30.3 17.078  3.964   15.0  1.100 -999.9    330
MANT 2009  8 19 231   20.3   31.0 21.575  4.394    0.0  0.700 -999.9    330
MANT 2009  8 20 232   21.6   30.8 19.208  4.680    0.0  1.800 -999.9    330
MANT 2009  8 21 233   21.8   31.0 11.024  3.417   14.0  1.700 -999.9    330
MANT 2009  8 22 234   21.5   30.8 18.704  4.221    0.0  1.300 -999.9    330
MANT 2009  8 23 235   19.5   30.8 20.969  4.369   28.0  1.100 -999.9    330
MANT 2009  8 24 236   19.0   31.0 19.794  4.542    0.0  1.600 -999.9    330
MANT 2009  8 25 237   22.0   31.0 21.138  4.942    0.0  2.000 -999.9    330
MANT 2009  8 26 238   22.0   30.0 12.717  2.682    0.0  0.100 -999.9    330
MANT 2009  8 27 239   21.8   30.5 20.378  4.327    0.0  0.900 -999.9    330
MANT 2009  8 28 240   22.5   34.3 21.708  5.214    9.0  1.700 -999.9    330
MANT 2009  8 29 241   20.0   31.3 10.092  3.114    9.0  1.800 -999.9    330
MANT 2009  8 30 242   21.0   28.5 22.261  4.587    7.0  1.300 -999.9    330
MANT 2009  8 31 243   20.3   29.3 20.688  4.582    0.0  1.700 -999.9    330
MANT 2009  9  1 244   20.8   29.8 11.702  3.024   39.0  1.300 -999.9    330
MANT 2009  9  2 245   21.5   29.6 12.773  2.964    0.0  0.900 -999.9    330
MANT 2009  9  3 246   21.8   29.8 20.210  4.828    2.0  2.600 -999.9    330
MANT 2009  9  4 247   20.0   28.8  7.599  1.967    3.0  0.900 -999.9    330
MANT 2009  9  5 248   20.6   29.0 18.602  3.993    0.0  1.200 -999.9    330
MANT 2009  9  6 249   20.8   28.1 10.133  2.526   15.0  0.900 -999.9    330
MANT 2009  9  7 250   21.3   26.0 11.397  2.804   28.0  1.400 -999.9    330
MANT 2009  9  8 251   19.8   28.8 13.514  3.580    0.0  1.700 -999.9    330
MANT 2009  9  9 252   21.0   32.3 21.443  4.658    0.0  1.100 -999.9    330
MANT 2009  9 10 253   20.8   32.3 18.548  3.791    0.0  0.300 -999.9    330
MANT 2009  9 11 254   21.0   30.3  9.966  2.566    0.0  0.900 -999.9    330
MANT 2009  9 12 255   21.3   29.5 13.809  3.171   12.0  0.900 -999.9    330
MANT 2009  9 13 256   19.5   31.8 19.513  4.203   19.0  1.400 -999.9    330
MANT 2009  9 14 257   20.5   32.0 14.098  3.559    0.0  1.000 -999.9    330
MANT 2009  9 15 258   22.5   31.0 18.354  4.396   34.0  1.800 -999.9    330
MANT 2009  9 16 259   19.5   31.5 16.940  4.196    0.0  1.600 -999.9    330
MANT 2009  9 17 260   21.5   29.8 11.401  3.125    0.0  1.500 -999.9    330
MANT 2009  9 18 261   20.5   30.7 16.821  3.713    0.0  0.800 -999.9    330
MANT 2009  9 19 262   23.5   32.5 20.662  4.794   11.0  1.800 -999.9    330
MANT 2009  9 20 263   19.5   29.3 13.403  2.929    0.0  0.800 -999.9    330
MANT 2009  9 21 264   22.3   31.3 10.767  3.039    6.0  1.200 -999.9    330
MANT 2009  9 22 265   21.0   31.0 16.733  4.045    0.0  1.500 -999.9    330
MANT 2009  9 23 266   21.2   32.6 21.251  4.517    0.0  0.900 -999.9    330
MANT 2009  9 24 267   22.0   33.8 15.570  3.840   27.0  1.300 -999.9    330
MANT 2009  9 25 268   19.0   33.8 20.969  4.821   19.0  1.900 -999.9    330
MANT 2009  9 26 269   19.5   31.5 17.939  3.923    0.0  1.100 -999.9    330
MANT 2009  9 27 270   21.0   31.8 20.873  4.795    0.0  1.600 -999.9    330
MANT 2009  9 28 271   22.0   36.8 21.163  4.945    0.0  1.000 -999.9    330
MANT 2009  9 29 272   21.0   34.0 18.002  4.435    0.0  1.500 -999.9    330
MANT 2009  9 30 273   21.3   33.8 14.840  3.799    5.0  1.200 -999.9    330
MANT 2009 10  1 274   21.0   33.3 19.076  4.073    0.0  0.600 -999.9    330
MANT 2009 10  2 275   22.5   33.8 18.030  4.283    0.0  1.200 -999.9    330
MANT 2009 10  3 276   20.0   34.0 17.513  4.003    2.0  0.900 -999.9    330
MANT 2009 10  4 277   20.5   34.3 20.439  4.082    0.0  0.300 -999.9    330
MANT 2009 10  5 278   20.5   35.0 20.986  4.876    0.0  1.500 -999.9    330
MANT 2009 10  6 279   21.0   34.5 14.111  4.538   17.0  1.800 -999.9    330
MANT 2009 10  7 280   18.0   34.0 18.127  4.223    0.0  1.000 -999.9    330
MANT 2009 10  8 281   21.5   33.5 18.134  4.884    0.0  1.900 -999.9    330
MANT 2009 10  9 282   19.5   34.0 19.462  5.300    0.0  2.000 -999.9    330
MANT 2009 10 10 283   19.5   34.0 19.869  5.043    0.0  2.000 -999.9    330
MANT 2009 10 11 284   19.5   34.0 19.617  5.004    0.0  2.200 -999.9    330
MANT 2009 10 12 285   20.3   35.0 20.027  5.044    0.0  1.700 -999.9    330
MANT 2009 10 13 286   21.5   34.5 19.513  4.764    0.0  1.500 -999.9    330
MANT 2009 10 14 287   20.5   34.5 20.192  4.780    0.0  1.400 -999.9    330
MANT 2009 10 15 288   21.5   34.0 15.437  3.975    0.0  1.300 -999.9    330
MANT 2009 10 16 289   21.5   34.0 17.659  5.345    0.0  2.200 -999.9    330
MANT 2009 10 17 290   21.0   34.5 17.409  4.176    0.0  1.100 -999.9    330
MANT 2009 10 18 291   20.0   34.8 20.210  5.668    0.0  2.400 -999.9    330
MANT 2009 10 19 292   20.5   34.3 19.975  5.452    0.0  2.300 -999.9    330
MANT 2009 10 20 293   19.8   35.5 20.642  5.375    0.0  2.200 -999.9    330
MANT 2009 10 21 294   21.5   35.0 14.048  4.270   50.0  2.400 -999.9    330
MANT 2009 10 22 295   16.0   34.0 19.737  3.940    0.0  0.600 -999.9    330
MANT 2009 10 23 296   21.5   33.0 11.552  3.459    5.0  1.700 -999.9    330
MANT 2009 10 24 297   21.0   31.5 13.413  3.138   19.0  0.800 -999.9    330
MANT 2009 10 25 298   19.0   33.0 20.174  4.403    0.0  1.100 -999.9    330
MANT 2009 10 26 299   21.0   33.0 20.721  4.605    0.0  1.000 -999.9    330
MANT 2009 10 27 300   19.5   34.0 20.741  4.388    0.0  0.800 -999.9    330
MANT 2009 10 28 301   18.0   33.0 20.635  5.298    0.0  2.000 -999.9    330
MANT 2009 10 29 302   17.5   33.0 20.774  4.667    0.0  1.100 -999.9    330
MANT 2009 10 30 303   17.1   32.5 20.651  4.650    0.0  1.600 -999.9    330
MANT 2009 10 31 304   20.3   31.0 11.545  3.298   30.0  2.000 -999.9    330
MANT 2009 11  1 305   19.0   30.0  7.454  3.950    4.0  2.600 -999.9    330
MANT 2009 11  2 306   19.5   22.0 14.074  4.231    0.0  2.800 -999.9    330
MANT 2009 11  3 307   17.5   29.0 18.056  5.874    0.0  2.900 -999.9    330
MANT 2009 11  4 308   16.0   30.0 20.721  5.135    0.0  1.900 -999.9    330
MANT 2009 11  5 309   22.0   28.5  7.482  2.788    0.0  0.800 -999.9    330
MANT 2009 11  6 310   15.0   34.0 21.101  5.502    0.0  1.700 -999.9    330
MANT 2009 11  7 311   25.8   33.0 20.721  6.479    0.0  2.300 -999.9    330
MANT 2009 11  8 312   18.0   34.0 20.873  4.855    0.0  1.200 -999.9    330
MANT 2009 11  9 313   18.5   35.0 21.031  4.499    0.0  0.900 -999.9    330
MANT 2009 11 10 314   18.5   35.0 20.246  4.576    0.0  1.000 -999.9    330
MANT 2009 11 11 315   18.0   34.0 20.783  5.213    0.0  1.500 -999.9    330
MANT 2009 11 12 316   16.5   35.0 20.794  6.541    0.0  2.200 -999.9    330
MANT 2009 11 13 317   15.0   32.5 17.634  8.175    0.0  3.800 -999.9    330
MANT 2009 11 14 318   13.0   32.0 20.820  6.601    0.0  2.500 -999.9    330
MANT 2009 11 15 319   12.5   32.0 20.969  5.458    0.0  1.700 -999.9    330
MANT 2009 11 16 320   12.5   33.0 20.324  3.574    0.0  0.600 -999.9    330
MANT 2009 11 17 321   16.0   28.0 18.487  5.605    0.0  2.500 -999.9    330
MANT 2009 11 18 322   13.5   33.5 18.919  7.162    0.0  2.900 -999.9    330
MANT 2009 11 19 323   14.0   32.5 15.626  6.552    0.0  2.700 -999.9    330
MANT 2009 11 20 324   14.0   30.5 18.010  6.845    0.0  3.000 -999.9    330
MANT 2009 11 21 325   12.5   32.5 20.133  7.587    0.0  3.200 -999.9    330
MANT 2009 11 22 326   10.5   33.0 18.691  7.512    0.0  3.100 -999.9    330
MANT 2009 11 23 327   12.0   33.0 19.762  6.830    0.0  2.600 -999.9    330
MANT 2009 11 24 328   11.5   33.5 19.380  7.094    0.0  2.800 -999.9    330
MANT 2009 11 25 329   12.5   34.0 20.721  7.691    0.0  3.100 -999.9    330
MANT 2009 11 26 330   12.0   34.0 19.149  8.013    0.0  3.300 -999.9    330
MANT 2009 11 27 331   10.0   33.0 20.174  7.181    0.0  2.800 -999.9    330
MANT 2009 11 28 332   12.0   32.0 18.469  6.162    0.0  2.300 -999.9    330
MANT 2009 11 29 333   13.5   34.5 17.161  6.828    0.0  2.600 -999.9    330
MANT 2009 11 30 334   13.0   32.5 15.488  7.017    0.0  2.900 -999.9    330
MANT 2009 12  1 335   10.5   32.5 11.401  7.057    0.0  3.100 -999.9    330
MANT 2009 12  2 336   10.5   32.0 18.274  8.124    0.0  3.600 -999.9    330
MANT 2009 12  3 337    9.5   33.0 18.944  7.992    0.0  3.300 -999.9    330
MANT 2009 12  4 338   10.0   34.0 19.617  8.912    0.0  3.800 -999.9    330
MANT 2009 12  5 339    9.5   33.5 18.572  8.633    0.0  3.700 -999.9    330
MANT 2009 12  6 340    8.5   33.0 19.248  8.719    0.0  3.800 -999.9    330
MANT 2009 12  7 341    8.6   34.0 20.192  9.290    0.0  4.000 -999.9    330
MANT 2009 12  8 342   10.0   34.0 20.210  9.265    0.0  4.100 -999.9    330
MANT 2009 12  9 343    9.5   34.0 20.239  9.492    0.0  4.200 -999.9    330
MANT 2009 12 10 344   10.5   32.0 19.322  8.337    0.0  3.700 -999.9    330
MANT 2009 12 11 345    9.5   31.5 17.349  6.330    0.0  2.400 -999.9    330
MANT 2009 12 12 346   14.0   31.5 16.698  4.966    0.0  1.600 -999.9    330
MANT 2009 12 13 347   16.0   32.5 11.420  3.328    0.0  0.800 -999.9    330
MANT 2009 12 14 348   13.0   31.5 18.836  3.674    0.0  0.800 -999.9    330
MANT 2009 12 15 349   13.5   32.0 18.586  6.620    0.0  2.700 -999.9    330
MANT 2009 12 16 350   14.3   33.5 20.721  8.918    0.0  4.000 -999.9    330
MANT 2009 12 17 351   13.4   33.5 19.812  8.531    0.0  3.800 -999.9    330
MANT 2009 12 18 352   11.5   35.5 20.042  8.714    0.0  3.600 -999.9    330
MANT 2009 12 19 353   11.5   36.0 17.674  7.138    0.0  2.500 -999.9    330
MANT 2009 12 20 354   12.0   35.0 19.547  6.894    0.0  2.400 -999.9    330
MANT 2009 12 21 355   10.0   36.0 18.523  7.455    0.0  2.600 -999.9    330
MANT 2009 12 22 356   10.4   36.4 19.718  7.886    0.0  2.800 -999.9    330
MANT 2009 12 23 357    9.5   36.0 19.991  7.318    0.0  2.500 -999.9    330
MANT 2009 12 24 358    8.4   37.0 20.397  8.269    0.0  2.900 -999.9    330
MANT 2009 12 25 359   10.0   36.5 19.881  8.409    0.0  3.100 -999.9    330
MANT 2009 12 26 360    9.5   35.5 20.027  9.313    0.0  3.800 -999.9    330
MANT 2009 12 27 361    8.0   35.5 19.910  9.061    0.0  3.600 -999.9    330
MANT 2009 12 28 362    7.5   35.0 19.927  8.473    0.0  3.300 -999.9    330
MANT 2009 12 29 363    8.0   35.5 19.812  8.789    0.0  3.500 -999.9    330
MANT 2009 12 30 364    8.0   35.0 19.711  9.223    0.0  3.900 -999.9    330
MANT 2009 12 31 365    9.5   35.0 19.322  9.140    0.0  3.800 -999.9    330
MANT 2010  1  1   1    9.5   35.0 18.903  8.324    0.0  3.300 -999.9    330
MANT 2010  1  2   2    8.0   33.5 19.854  8.137    0.0  3.300 -999.9    330
MANT 2010  1  3   3    7.0   34.0 19.877  8.739    0.0  3.600 -999.9    330
MANT 2010  1  4   4    6.0   34.0 20.168  8.456    0.0  3.400 -999.9    330
MANT 2010  1  5   5    6.5   34.0 20.194  6.746    0.0  2.300 -999.9    330
MANT 2010  1  6   6    7.5   34.5 19.288  5.674    0.0  1.700 -999.9    330
MANT 2010  1  7   7    8.5   34.5 19.049  6.404    0.0  2.100 -999.9    330
MANT 2010  1  8   8    8.5   34.5 20.015  8.437    0.0  3.300 -999.9    330
MANT 2010  1  9   9    7.5   34.5 20.046  8.768    0.0  3.500 -999.9    330
MANT 2010  1 10  10    7.0   33.0 20.080  7.978    0.0  3.200 -999.9    330
MANT 2010  1 11  11    8.3   34.3 19.308  8.608    0.0  3.500 -999.9    330
MANT 2010  1 12  12    7.5   34.5 17.996  9.527    0.0  4.100 -999.9    330
MANT 2010  1 13  13    8.3   34.8 18.839  9.285    0.0  3.900 -999.9    330
MANT 2010  1 14  14    7.5   34.8 21.307  8.564    0.0  3.300 -999.9    330
MANT 2010  1 15  15    7.5   35.5 21.213  8.610    0.0  3.200 -999.9    330
MANT 2010  1 16  16    7.5   36.5 21.256  9.649    0.0  3.700 -999.9    330
MANT 2010  1 17  17    7.6   36.5 20.621 10.378    0.0  4.200 -999.9    330
MANT 2010  1 18  18    8.0   35.3 22.026  9.872    0.0  4.100 -999.9    330
MANT 2010  1 19  19   10.5   34.5 19.482  9.505    0.0  4.100 -999.9    330
MANT 2010  1 20  20    6.5   34.5 21.576  9.572    0.0  4.000 -999.9    330
MANT 2010  1 21  21    6.6   33.5 21.761  8.746    0.0  3.600 -999.9    330
MANT 2010  1 22  22    8.5   34.5 20.165  8.503    0.0  3.300 -999.9    330
MANT 2010  1 23  23    8.0   35.0 21.725  8.713    0.0  3.300 -999.9    330
MANT 2010  1 24  24    9.5   35.3 21.639  8.889    0.0  3.400 -999.9    330
MANT 2010  1 25  25   11.0   34.8 19.206  8.377    0.0  3.200 -999.9    330
MANT 2010  1 26  26   16.5   34.3 20.361  7.641    0.0  2.800 -999.9    330
MANT 2010  1 27  27   12.0   34.8 21.105  6.591    0.0  2.100 -999.9    330
MANT 2010  1 28  28   16.0   36.5 16.849  6.629    0.0  2.100 -999.9    330
MANT 2010  1 29  29   16.5   37.0 15.778  9.451    0.0  3.700 -999.9    330
MANT 2010  1 30  30   12.4   35.8 21.267  9.843    0.0  4.000 -999.9    330
MANT 2010  1 31  31   10.5   37.0 22.162 10.282    0.0  4.000 -999.9    330
MANT 2010  2  1  32   11.0   36.5 21.238 11.501    0.0  5.100 -999.9    330
MANT 2010  2  2  33   10.0   36.8 21.434 11.299    0.0  4.900 -999.9    330
MANT 2010  2  3  34   12.5   37.3 21.491 10.147    0.0  3.900 -999.9    330
MANT 2010  2  4  35   11.5   38.0 20.983 10.632    0.0  4.100 -999.9    330
MANT 2010  2  5  36   13.5   38.5 17.357 11.488    0.0  4.700 -999.9    330
MANT 2010  2  6  37   12.0   37.0 22.374 11.533    0.0  5.000 -999.9    330
MANT 2010  2  7  38   10.0   35.3 21.153  9.175    0.0  3.600 -999.9    330
MANT 2010  2  8  39   11.5   35.0 21.780  8.734    0.0  3.300 -999.9    330
MANT 2010  2  9  40   11.0   36.0 22.554  7.154    0.0  2.200 -999.9    330
MANT 2010  2 10  41   12.0   37.0 22.614  7.122    0.0  2.100 -999.9    330
MANT 2010  2 11  42   14.0   37.5 22.675  8.104    0.0  2.600 -999.9    330
MANT 2010  2 12  43   13.0   37.3 22.735  5.617    0.0  1.300 -999.9    330
MANT 2010  2 13  44   16.5   37.3 20.198  5.274    0.0  1.400 -999.9    330
MANT 2010  2 14  45   19.3   36.8 22.856  5.618    0.0  1.300 -999.9    330
MANT 2010  2 15  46   18.6   37.8 20.017  5.460    0.0  1.300 -999.9    330
MANT 2010  2 16  47   19.5   37.0 22.977  7.129    0.0  2.100 -999.9    330
MANT 2010  2 17  48   16.5   38.3 23.328  9.354    0.0  3.200 -999.9    330
MANT 2010  2 18  49   19.0   40.5 23.097  7.515    0.0  2.100 -999.9    330
MANT 2010  2 19  50   18.5   40.3 21.839  4.823    0.0  0.700 -999.9    330
MANT 2010  2 20  51   20.0   39.5 21.162  9.055    0.0  3.000 -999.9    330
MANT 2010  2 21  52   19.0   40.0 21.804 10.928    0.0  4.000 -999.9    330
MANT 2010  2 22  53   16.5   41.0 23.332 11.237    0.0  3.900 -999.9    330
MANT 2010  2 23  54   16.5   42.0 23.538  8.793    0.0  2.500 -999.9    330
MANT 2010  2 24  55   17.5   42.0 23.595 12.155    0.0  4.300 -999.9    330
MANT 2010  2 25  56   15.3   41.5 22.911 11.743    0.0  4.100 -999.9    330
MANT 2010  2 26  57   15.0   41.0 23.709  7.239    0.0  1.800 -999.9    330
MANT 2010  2 27  58   18.5   41.5 23.764  8.346    0.0  2.400 -999.9    330
MANT 2010  2 28  59   21.5   41.0 22.477  8.129    0.0  2.400 -999.9    330
MANT 2010  3  1  60   20.6   41.3 20.288  8.490    0.0  2.700 -999.9    330
MANT 2010  3  2  61   18.5   41.0 21.981  8.808    0.0  2.900 -999.9    330
MANT 2010  3  3  62   19.5   40.5 22.330  6.267    0.0  1.400 -999.9    330
MANT 2010  3  4  63   17.5   41.5 20.576  8.969    0.0  2.700 -999.9    330
MANT 2010  3  5  64   18.5   40.5 20.922  6.133    0.0  1.400 -999.9    330
MANT 2010  3  6  65   19.5   40.3 21.117  6.874    0.0  2.000 -999.9    330
MANT 2010  3  7  66   24.5   41.0 21.614  6.648    0.0  1.700 -999.9    330
MANT 2010  3  8  67   19.5   40.3 19.540  4.173    0.0  0.600 -999.9    330
MANT 2010  3  9  68   19.5   40.3 21.852  6.235    0.0  1.400 -999.9    330
MANT 2010  3 10  69   17.5   39.5 22.805  5.761    0.0  1.200 -999.9    330
MANT 2010  3 11  70   20.5   38.5 17.377  5.767    0.0  1.400 -999.9    330
MANT 2010  3 12  71   19.8   39.0 15.129  7.127    0.0  2.100 -999.9    330
MANT 2010  3 13  72   21.5   38.5 24.453  9.477    0.0  3.100 -999.9    330
MANT 2010  3 14  73   17.5   38.5 24.494  8.062    0.0  2.300 -999.9    330
MANT 2010  3 15  74   17.5   40.0 24.993  7.514    0.0  1.900 -999.9    330
MANT 2010  3 16  75   17.3   40.5 23.809  9.701    0.0  3.000 -999.9    330
MANT 2010  3 17  76   19.0   38.0 22.774 10.030    0.0  3.500 -999.9    330
MANT 2010  3 18  77   17.5   37.3 21.275  9.655    0.0  3.400 -999.9    330
MANT 2010  3 19  78   18.0   39.0 20.693 10.291    0.0  3.600 -999.9    330
MANT 2010  3 20  79   29.0   40.3 12.888  8.524    0.0  3.100 -999.9    330
MANT 2010  3 21  80   25.5   40.5 11.065  7.929    0.0  2.600 -999.9    330
MANT 2010  3 22  81   19.5   39.0 18.933  9.153    0.0  3.000 -999.9    330
MANT 2010  3 23  82   18.0   38.5 18.650  9.120    0.0  3.000 -999.9    330
MANT 2010  3 24  83   16.5   39.0 17.749  9.561    0.0  3.200 -999.9    330
MANT 2010  3 25  84   19.5   39.5 18.543  7.946    0.0  2.500 -999.9    330
MANT 2010  3 26  85   19.5   39.8 16.403  7.827    0.0  2.400 -999.9    330
MANT 2010  3 27  86   14.5   40.0 24.764 11.569    0.0  4.000 -999.9    330
MANT 2010  3 28  87   14.5   40.5 21.696 11.050    0.0  3.700 -999.9    330
MANT 2010  3 29  88   18.0   40.3 17.077  9.478    0.0  3.100 -999.9    330
MANT 2010  3 30  89   20.0   40.0 17.559 10.194    0.0  3.500 -999.9    330
MANT 2010  3 31  90   18.6   40.5 19.742  7.132    0.0  1.900 -999.9    330
MANT 2010  4  1  91   19.0   40.8 20.687  8.151    0.0  2.300 -999.9    330
MANT 2010  4  2  92   20.0   41.0 20.393  6.399    0.0  1.500 -999.9    330
MANT 2010  4  3  93   19.5   41.5 19.323  6.861    0.0  1.700 -999.9    330
MANT 2010  4  4  94   23.5   42.0 21.040  7.983    0.0  2.200 -999.9    330
MANT 2010  4  5  95   22.3   41.3 19.503  9.082    0.0  3.000 -999.9    330
MANT 2010  4  6  96   24.1   38.5 24.939  9.341    0.0  3.100 -999.9    330
MANT 2010  4  7  97   26.4   41.0 25.414  5.134    0.0  0.600 -999.9    330
MANT 2010  4  8  98   23.5   41.5 25.268  7.273    0.0  1.600 -999.9    330
MANT 2010  4  9  99   29.0   39.8 22.486  8.175    0.0  2.300 -999.9    330
MANT 2010  4 10 100   29.5   39.7 21.873  6.080    0.0  1.200 -999.9    330
MANT 2010  4 11 101   27.3   40.3 21.724  8.925    0.0  2.800 -999.9    330
MANT 2010  4 12 102   29.5   40.5 23.898  9.482    0.0  3.100 -999.9    330
MANT 2010  4 13 103   30.3   41.3 22.972  9.863    0.0  3.300 -999.9    330
MANT 2010  4 14 104   27.5   37.3 15.076  8.500    0.0  3.500 -999.9    330
MANT 2010  4 15 105   27.5   41.5 24.834  8.759    0.0  2.400 -999.9    330
MANT 2010  4 16 106   29.5   37.0 19.107  6.916    0.0  2.200 -999.9    330
MANT 2010  4 17 107   28.8   41.8 21.833  7.247    0.0  2.100 -999.9    330
MANT 2010  4 18 108   28.5   41.0 23.133  6.621    0.0  1.400 -999.9    330
MANT 2010  4 19 109   30.0   40.0 23.230  7.502    0.0  2.000 -999.9    330
MANT 2010  4 20 110   26.0   39.0 23.527  7.475    0.0  1.900 -999.9    330
MANT 2010  4 21 111   29.0   39.2 17.330  6.974    0.0  1.900 -999.9    330
MANT 2010  4 22 112   23.5   41.5 19.225  6.323    0.0  1.400 -999.9    330
MANT 2010  4 23 113   25.0   38.0 20.518  7.369    0.0  2.500 -999.9    330
MANT 2010  4 24 114   26.0   36.3 20.613  6.161    0.0  1.500 -999.9    330
MANT 2010  4 25 115   26.0   39.5 15.526  6.655    0.0  2.200 -999.9    330
MANT 2010  4 26 116   27.5   41.5 19.007  7.793    0.0  2.900 -999.9    330
MANT 2010  4 27 117   24.0   40.0 20.991  8.680    0.0  3.300 -999.9    330
MANT 2010  4 28 118   24.3   39.0 18.995  6.912    0.0  2.600 -999.9    330
MANT 2010  4 29 119   27.5   40.0 19.782  6.317    0.0  1.900 -999.9    330
MANT 2010  4 30 120   24.3   35.8 19.774  5.851    1.0  2.100 -999.9    330
MANT 2010  5  1 121   23.8   30.3 20.581  6.367    0.0  2.600 -999.9    330
MANT 2010  5  2 122   23.8   36.0 12.759  6.000    6.0  2.800 -999.9    330
MANT 2010  5  3 123   23.5   36.0 23.621  7.766    0.0  3.000 -999.9    330
MANT 2010  5  4 124   27.6   39.3 23.302  7.460    0.0  2.500 -999.9    330
MANT 2010  5  5 125   27.3   40.5 22.066  7.744    0.0  2.800 -999.9    330
MANT 2010  5  6 126   26.3   40.5 18.847  7.436    0.0  2.700 -999.9    330
MANT 2010  5  7 127   27.3   38.5 17.159  5.823    6.0  2.400 -999.9    330
MANT 2010  5  8 128   22.3   39.0 26.596  7.177    0.0  1.800 -999.9    330
MANT 2010  5  9 129   26.3   39.5 24.142  7.573    0.0  2.300 -999.9    330
MANT 2010  5 10 130   29.3   40.0 23.974  8.065    0.0  2.800 -999.9    330
MANT 2010  5 11 131   28.5   40.0 24.717  7.730    0.0  2.500 -999.9    330
MANT 2010  5 12 132   24.5   41.5 13.317  6.181    0.0  2.300 -999.9    330
MANT 2010  5 13 133   25.5   39.0 24.985  7.984    0.0  2.700 -999.9    330
MANT 2010  5 14 134   27.0   40.5 24.664  8.313    0.0  2.900 -999.9    330
MANT 2010  5 15 135   20.0   40.5 14.356  5.038   22.0  2.000 -999.9    330
MANT 2010  5 16 136   24.3   35.8 25.081  6.866    0.0  2.100 -999.9    330
MANT 2010  5 17 137   26.3   38.8 19.324  5.765    0.0  1.800 -999.9    330
MANT 2010  5 18 138   26.5   38.5 18.405  6.053    0.0  2.300 -999.9    330
MANT 2010  5 19 139   25.5   39.0 20.051  7.506    1.0  2.900 -999.9    330
MANT 2010  5 20 140   22.0   39.0  9.496  4.586    0.4  1.800 -999.9    330
MANT 2010  5 21 141   24.5   37.3 22.582  6.380    0.0  2.100 -999.9    330
MANT 2010  5 22 142   25.5   36.0 18.808  6.279    0.0  2.400 -999.9    330
MANT 2010  5 23 143   27.8   38.0 20.448  5.833    1.0  1.700 -999.9    330
MANT 2010  5 24 144   22.3   38.0 17.733  5.010    7.0  2.200 -999.9    330
MANT 2010  5 25 145   22.0   36.5 19.971  6.263    0.0  2.400 -999.9    330
MANT 2010  5 26 146   26.0   38.0 21.905  7.065    0.0  3.100 -999.9    330
MANT 2010  5 27 147   27.8   39.8 19.945  7.143    0.0  3.000 -999.9    330
MANT 2010  5 28 148   28.0   39.3 21.577  6.915    0.0  2.700 -999.9    330
MANT 2010  5 29 149   27.0   38.3 21.414  6.294   33.0  2.100 -999.9    330
MANT 2010  5 30 150   22.0   36.9 24.387  6.163    0.0  1.500 -999.9    330
MANT 2010  5 31 151   25.3   36.0 20.940  6.973   50.0  3.000 -999.9    330
MANT 2010  6  1 152   18.5   36.4  9.451  4.380    3.0  2.400 -999.9    330
MANT 2010  6  2 153   23.5   35.3 17.788  5.394    0.0  2.200 -999.9    330
MANT 2010  6  3 154   25.0   34.5 22.989  6.307    0.0  2.500 -999.9    330
MANT 2010  6  4 155   24.5   33.8 13.903  4.458    0.0  1.300 -999.9    330
MANT 2010  6  5 156   24.3   33.8 20.437  6.685    0.0  2.900 -999.9    330
MANT 2010  6  6 157   23.5   35.5 25.924  6.537    0.0  2.000 -999.9    330
MANT 2010  6  7 158   21.5   37.4 23.535  6.195    6.5  2.100 -999.9    330
MANT 2010  6  8 159   23.0   36.3 22.783  6.268    0.0  2.500 -999.9    330
MANT 2010  6  9 160   25.5   34.3 21.586  6.711   24.0  3.800 -999.9    330
MANT 2010  6 10 161   19.5   25.0  9.423  3.565    8.0  2.700 -999.9    330
MANT 2010  6 11 162   22.0   29.5 25.569  5.648    0.0  1.700 -999.9    330
MANT 2010  6 12 163   23.0   34.5 24.671  5.853    0.0  1.500 -999.9    330
MANT 2010  6 13 164   25.2   35.5 18.594  5.838    0.0  2.300 -999.9    330
MANT 2010  6 14 165   23.5   35.5 24.211  6.762    0.0  3.500 -999.9    330
MANT 2010  6 15 166   25.0   34.0 24.204  6.508    0.0  2.800 -999.9    330
MANT 2010  6 16 167   25.0   34.8 26.121  6.798    0.0  2.400 -999.9    330
MANT 2010  6 17 168   20.5   31.8  9.408  3.835   12.0  2.000 -999.9    330
MANT 2010  6 18 169   23.5   31.3 21.675  5.503    0.0  1.900 -999.9    330
MANT 2010  6 19 170   23.3   34.5 24.331  6.571    0.0  2.400 -999.9    330
MANT 2010  6 20 171   24.5   35.0 24.327  6.519    0.0  2.500 -999.9    330
MANT 2010  6 21 172   25.0   35.5 23.438  6.152    2.0  2.300 -999.9    330
MANT 2010  6 22 173   22.0   34.8 18.708  5.005    0.0  1.400 -999.9    330
MANT 2010  6 23 174   21.5   34.8 20.037  5.469    0.0  1.800 -999.9    330
MANT 2010  6 24 175   25.5   35.5 22.695  6.523   28.0  3.200 -999.9    330
MANT 2010  6 25 176   18.5   34.0  9.400  4.524    0.0  4.000 -999.9    330
MANT 2010  6 26 177   22.5   34.5 20.184  5.555    1.4  2.700 -999.9    330
MANT 2010  6 27 178   21.0   31.3 12.945  3.838   25.0  2.000 -999.9    330
MANT 2010  6 28 179   23.3   31.5 24.323  5.367    0.0  1.300 -999.9    330
MANT 2010  6 29 180   23.5   33.8 22.848  5.266    5.0  1.200 -999.9    330
MANT 2010  6 30 181   21.5   33.5 17.825  5.091    0.0  2.200 -999.9    330
MANT 2010  7  1 182   20.0   33.5 16.793  5.368    0.0  3.000 -999.9    330
MANT 2010  7  2 183   22.0   31.5 17.091  6.629    0.0  3.500 -999.9    330
MANT 2010  7  3 184   21.5   31.3 16.798  4.674    0.0  1.500 -999.9    330
MANT 2010  7  4 185   21.5   33.5 24.792  5.797    0.0  1.700 -999.9    330
MANT 2010  7  5 186   23.5   35.3 21.246  5.686    0.0  2.400 -999.9    330
MANT 2010  7  6 187   22.5   35.0 19.771  5.832    0.0  3.200 -999.9    330
MANT 2010  7  7 188   22.4   33.0 18.443  5.148    0.0  2.300 -999.9    330
MANT 2010  7  8 189   24.3   33.5 18.449  4.580    0.0  1.200 -999.9    330
MANT 2010  7  9 190   21.5   34.0 19.196  4.558    0.0  0.900 -999.9    330
MANT 2010  7 10 191   19.5   34.0 16.977  5.010    7.0  2.300 -999.9    330
MANT 2010  7 11 192   21.0   34.5 21.436  5.360   30.0  2.300 -999.9    330
MANT 2010  7 12 193   20.5   31.8 12.830  2.960   22.0  0.600 -999.9    330
MANT 2010  7 13 194   21.5   32.0 26.060  5.308    0.0  0.900 -999.9    330
MANT 2010  7 14 195   22.5   33.5 21.313  5.097    0.0  1.700 -999.9    330
MANT 2010  7 15 196   21.5   34.3 23.257  5.585    0.0  3.300 -999.9    330
MANT 2010  7 16 197   24.0   33.3 19.992  4.993    1.5  2.900 -999.9    330
MANT 2010  7 17 198   20.6   33.0 20.001  4.460    0.0  1.600 -999.9    330
MANT 2010  7 18 199   21.8   32.8 25.229  5.612    0.0  2.200 -999.9    330
MANT 2010  7 19 200   23.3   33.3 25.391  5.969    3.0  2.600 -999.9    330
MANT 2010  7 20 201   20.5   32.0 12.564  3.761    0.0  3.200 -999.9    330
MANT 2010  7 21 202   23.0   30.5 24.821  5.635    0.0  3.600 -999.9    330
MANT 2010  7 22 203   21.3   29.0 19.302  4.316   20.0  3.200 -999.9    330
MANT 2010  7 23 204   20.0   32.0  9.435  3.197   37.5  3.000 -999.9    330
MANT 2010  7 24 205   20.0   27.0  9.437  3.001    4.0  3.200 -999.9    330
MANT 2010  7 25 206   20.0   29.3 22.029  5.258    0.0  3.000 -999.9    330
MANT 2010  7 26 207   21.0   29.5 18.441  4.610    0.0  2.200 -999.9    330
MANT 2010  7 27 208   21.3   30.0 19.951  4.500   48.0  1.700 -999.9    330
MANT 2010  7 28 209   20.5   31.0 15.604  4.597    0.0  2.500 -999.9    330
MANT 2010  7 29 210   20.5   29.5 14.408  3.691   35.0  2.100 -999.9    330
MANT 2010  7 30 211   20.7   32.0 18.476  4.244    1.0  1.800 -999.9    330
MANT 2010  7 31 212   20.5   31.5 23.003  5.256    8.0  2.100 -999.9    330
MANT 2010  8  1 213   20.5   31.0 21.810  4.760   38.0  1.500 -999.9    330
MANT 2010  8  2 214   21.0   31.5 26.798  5.319    3.0  0.800 -999.9    330
MANT 2010  8  3 215   21.5   33.0 21.530  4.576    5.0  0.700 -999.9    330
MANT 2010  8  4 216   21.0   33.5 21.540  4.819   35.0  2.000 -999.9    330
MANT 2010  8  5 217   19.3   30.0 23.818  5.039    0.0  2.400 -999.9    330
MANT 2010  8  6 218   19.3   31.5 18.534  4.081   26.0  1.400 -999.9    330
MANT 2010  8  7 219   20.5   31.8 23.690  4.818   11.0  1.000 -999.9    330
MANT 2010  8  8 220   19.5   30.8 20.822  4.386    1.5  1.100 -999.9    330
MANT 2010  8  9 221   21.3   29.5  9.455  2.484    0.0  1.600 -999.9    330
MANT 2010  8 10 222   21.5   30.3 17.043  3.907    0.0  1.900 -999.9    330
MANT 2010  8 11 223   19.8   29.3 11.277  2.768    7.0  1.700 -999.9    330
MANT 2010  8 12 224   20.5   28.5 17.053  3.804    0.0  1.000 -999.9    330
MANT 2010  8 13 225   21.0   30.0 24.053  5.086    0.0  2.200 -999.9    330
MANT 2010  8 14 226   21.0   30.3 11.734  2.922   93.0  1.200 -999.9    330
MANT 2010  8 15 227   19.0   28.8 19.805  3.784    0.0  0.300 -999.9    330
MANT 2010  8 16 228   18.6   30.0 26.514  5.024    0.0  0.800 -999.9    330
MANT 2010  8 17 229   21.0   32.5 18.746  4.070   38.0  0.900 -999.9    330
MANT 2010  8 18 230   17.5   32.0 21.647  5.047    0.0  2.100 -999.9    330
MANT 2010  8 19 231   20.0   32.3 25.009  5.578    0.0  2.100 -999.9    330
MANT 2010  8 20 232   20.5   32.3 25.777  5.415    0.0  1.800 -999.9    330
MANT 2010  8 21 233   19.0   31.5 11.724  3.119   20.5  1.700 -999.9    330
MANT 2010  8 22 234   19.5   31.0 18.600  4.109    0.0  1.800 -999.9    330
MANT 2010  8 23 235   21.0   30.3 23.952  4.965    0.0  2.100 -999.9    330
MANT 2010  8 24 236   20.8   30.3 17.221  3.760    1.0  1.900 -999.9    330
MANT 2010  8 25 237   20.0   30.3 23.799  4.974    0.0  1.300 -999.9    330
MANT 2010  8 26 238   21.0   32.3 21.043  4.754   24.0  1.500 -999.9    330
MANT 2010  8 27 239   18.8   31.5 15.528  4.048    0.0  2.400 -999.9    330
MANT 2010  8 28 240   20.5   30.8 23.181  5.036   21.0  2.100 -999.9    330
MANT 2010  8 29 241   19.3   31.3 21.338  4.606    0.0  1.600 -999.9    330
MANT 2010  8 30 242   20.5   32.0 25.623  5.411    0.0  1.700 -999.9    330
MANT 2010  8 31 243   19.8   31.3 17.190  3.815   30.0  1.600 -999.9    330
MANT 2010  9  1 244   20.0   31.0 14.883  3.561   15.0  1.200 -999.9    330
MANT 2010  9  2 245   20.0   30.5 18.553  3.950    4.0  2.000 -999.9    330
MANT 2010  9  3 246   19.8   29.8 15.479  3.294   27.0  1.600 -999.9    330
MANT 2010  9  4 247   19.0   28.5 13.937  3.195    0.0  1.600 -999.9    330
MANT 2010  9  5 248   21.3   29.8 18.983  4.035    0.0  1.100 -999.9    330
MANT 2010  9  6 249   19.0   33.5  9.320  2.875   64.0  1.700 -999.9    330
MANT 2010  9  7 250   19.5   26.8 15.742  3.735    0.0  2.100 -999.9    330
MANT 2010  9  8 251   20.5   30.7 21.089  4.356    9.0  1.400 -999.9    330
MANT 2010  9  9 252   20.5   30.0 14.032  3.073    9.0  0.500 -999.9    330
MANT 2010  9 10 253   20.0   30.0 23.506  4.968    0.0  1.700 -999.9    330
MANT 2010  9 11 254   20.5   31.0 24.559  5.049    0.0  1.600 -999.9    330
MANT 2010  9 12 255   21.3   31.8 23.010  4.958   19.0  1.400 -999.9    330
MANT 2010  9 13 256   19.3   31.0 17.335  3.590    0.0  0.500 -999.9    330
MANT 2010  9 14 257   21.5   29.5 17.928  3.747   14.0  0.800 -999.9    330
MANT 2010  9 15 258   20.5   29.5 24.778  4.993   65.0  1.800 -999.9    330
MANT 2010  9 16 259   18.5   34.5 17.582  3.977    0.0  0.900 -999.9    330
MANT 2010  9 17 260   21.5   30.8  9.329  2.661    5.5  1.400 -999.9    330
MANT 2010  9 18 261   19.2   28.5 15.407  3.233    0.0  1.100 -999.9    330
MANT 2010  9 19 262   20.5   31.0 21.322  4.478    4.0  1.600 -999.9    330
MANT 2010  9 20 263   19.5   31.5 20.991  4.481    6.5  1.200 -999.9    330
MANT 2010  9 21 264   19.5   31.5 23.850  4.895    0.0  1.200 -999.9    330
MANT 2010  9 22 265   19.5   32.0 24.122  4.930   17.0  1.100 -999.9    330
MANT 2010  9 23 266   20.0   32.5 23.179  4.796    0.0  1.500 -999.9    330
MANT 2010  9 24 267   20.5   32.5 24.055  5.041    4.0  1.700 -999.9    330
MANT 2010  9 25 268   19.5   33.3 23.263  4.943    0.0  1.300 -999.9    330
MANT 2010  9 26 269   22.0   33.5 25.193  5.330    0.0  1.400 -999.9    330
MANT 2010  9 27 270   21.5   33.8 25.607  5.243    0.0  0.800 -999.9    330
MANT 2010  9 28 271   19.5   32.0 13.503  3.259    2.5  1.200 -999.9    330
MANT 2010  9 29 272   19.3   30.3 14.982  3.582    1.5  1.400 -999.9    330
MANT 2010  9 30 273   19.5   32.0 24.729  5.117    0.0  1.300 -999.9    330
MANT 2010 10  1 274   20.5   34.0 23.184  5.218    0.0  1.900 -999.9    330
MANT 2010 10  2 275   18.8   33.3 13.394  3.806    8.0  1.800 -999.9    330
MANT 2010 10  3 276   19.0   30.5 24.747  4.834    0.0  1.300 -999.9    330
MANT 2010 10  4 277   19.5   33.5 23.803  5.047    0.0  1.500 -999.9    330
MANT 2010 10  5 278   19.5   33.3 22.414  5.115    0.0  2.200 -999.9    330
MANT 2010 10  6 279   20.3   31.0 20.879  4.417    1.0  1.900 -999.9    330
MANT 2010 10  7 280   20.5   32.3 14.735  3.318    5.0  1.000 -999.9    330
MANT 2010 10  8 281   20.3   30.3 16.336  3.389    4.0  0.900 -999.9    330
MANT 2010 10  9 282   20.5   31.3 21.489  4.369    0.0  1.000 -999.9    330
MANT 2010 10 10 283   20.5   33.8 23.811  5.001    0.0  1.000 -999.9    330
MANT 2010 10 11 284   21.0   28.5 13.268  3.363    0.0  2.300 -999.9    330
MANT 2010 10 12 285   21.0   31.8 21.200  4.267  100.0  0.800 -999.9    330
MANT 2010 10 13 286   18.5   33.0 15.853  3.615    0.0  1.300 -999.9    330
MANT 2010 10 14 287   22.0   31.5 17.283  3.709   43.0  1.300 -999.9    330
MANT 2010 10 15 288   21.5   32.5  8.589  2.718    0.0  1.100 -999.9    330
MANT 2010 10 16 289   18.1   32.3  8.564  2.117    0.0  0.400 -999.9    330
MANT 2010 10 17 290   21.0   33.8 18.472  4.427    0.0  1.800 -999.9    330
MANT 2010 10 18 291   20.5   34.5 21.925  4.923    0.0  1.600 -999.9    330
MANT 2010 10 19 292   21.8   33.8 23.036  4.883    0.0  1.800 -999.9    330
MANT 2010 10 20 293   21.0   33.8 16.883  4.154    0.0  2.000 -999.9    330
MANT 2010 10 21 294   19.5   35.3 20.171  4.819    0.0  1.800 -999.9    330
MANT 2010 10 22 295   18.5   33.5 21.422  4.495    0.0  0.900 -999.9    330
MANT 2010 10 23 296   19.5   34.8 22.811  4.631    0.0  0.700 -999.9    330
MANT 2010 10 24 297   19.5   35.0 22.034  4.770    0.0  1.100 -999.9    330
MANT 2010 10 25 298   19.0   34.8 23.415  5.025    0.0  1.400 -999.9    330
MANT 2010 10 26 299   20.0   34.0 20.490  4.534    6.0  1.200 -999.9    330
MANT 2010 10 27 300   19.5   33.5 20.295  4.676    1.5  2.600 -999.9    330
MANT 2010 10 28 301   20.0   32.3 18.959  3.539    0.0  0.200 -999.9    330
MANT 2010 10 29 302   18.0   32.0 21.899  4.213    0.0  0.700 -999.9    330
MANT 2010 10 30 303   18.5   35.0 21.843  4.268    0.0  0.500 -999.9    330
MANT 2010 10 31 304   18.5   35.0 20.654  4.241    0.0  0.700 -999.9    330
MANT 2010 11  1 305   18.5   32.5 19.752  4.054    0.0  0.900 -999.9    330
MANT 2010 11  2 306   19.5   34.5 19.842  4.638    0.0  1.600 -999.9    330
MANT 2010 11  3 307   20.0   34.5 15.427  3.046    0.0  0.100 -999.9    330
MANT 2010 11  4 308   17.5   34.5 19.460  4.963    0.0  1.500 -999.9    330
MANT 2010 11  5 309   14.3   32.3 21.933  4.608    0.0  1.200 -999.9    330
MANT 2010 11  6 310   14.3   32.0 21.319  4.107    0.0  0.800 -999.9    330
MANT 2010 11  7 311   15.0   33.3 20.568  4.089    0.0  0.800 -999.9    330
MANT 2010 11  8 312   19.0   33.3 18.011  4.135    0.0  1.400 -999.9    330
MANT 2010 11  9 313   19.0   33.3 18.382  4.256    0.0  1.300 -999.9    330
MANT 2010 11 10 314   17.0   33.5 21.802  5.192    0.0  1.700 -999.9    330
MANT 2010 11 11 315   14.5   33.0 21.058  7.194    0.0  3.900 -999.9    330
MANT 2010 11 12 316   13.0   34.3 21.008  6.526    0.0  3.100 -999.9    330
MANT 2010 11 13 317   11.5   33.8 20.959  5.350    0.0  2.000 -999.9    330
MANT 2010 11 14 318   13.3   34.5 20.360  4.097    0.0  0.800 -999.9    330
MANT 2010 11 15 319   15.5   34.8 16.747  3.901    0.0  1.500 -999.9    330
MANT 2010 11 16 320   17.5   32.8 20.678  3.581    0.0  0.100 -999.9    330
MANT 2010 11 17 321   15.0   35.8 20.769  4.234    0.0  0.800 -999.9    330
MANT 2010 11 18 322   13.0   36.0 20.723  4.875    0.0  1.400 -999.9    330
MANT 2010 11 19 323   15.0   30.5 20.679  4.372    0.0  1.700 -999.9    330
MANT 2010 11 20 324   11.5   31.0 21.315  5.000    0.0  1.900 -999.9    330
MANT 2010 11 21 325   11.0   31.3 20.051  4.992    0.0  2.000 -999.9    330
MANT 2010 11 22 326   11.5   31.0 20.011  4.643    0.0  1.900 -999.9    330
MANT 2010 11 23 327   12.0   30.0 19.972  4.503    0.0  2.300 -999.9    330
MANT 2010 11 24 328   10.0   29.8 20.339  5.105    0.0  2.300 -999.9    330
MANT 2010 11 25 329    9.0   28.6 20.301  5.443    0.0  2.800 -999.9    330
MANT 2010 11 26 330    8.0   30.3 20.265  5.830    0.0  2.900 -999.9    330
MANT 2010 11 27 331    9.5   28.5 20.096  4.842    0.0  2.000 -999.9    330
MANT 2010 11 28 332    9.5   29.3 19.660  5.661    0.0  2.900 -999.9    330
MANT 2010 11 29 333    9.0   31.0 20.031  5.798    0.0  2.800 -999.9    330
MANT 2010 11 30 334    9.0   28.5 20.267  5.324    0.0  2.500 -999.9    330
MANT 2010 12  1 335    8.0   27.3 20.237  4.670    0.0  2.000 -999.9    330
MANT 2010 12  2 336    6.0   29.0 20.476  5.007    0.0  2.200 -999.9    330
MANT 2010 12  3 337    6.5   31.5 20.049  4.576    0.0  1.500 -999.9    330
MANT 2010 12  4 338    7.0   30.8 20.024  4.266    0.0  1.300 -999.9    330
MANT 2010 12  5 339    9.0   28.3 19.070  4.471    0.0  1.900 -999.9    330
MANT 2010 12  6 340   10.0   28.8 19.314  5.015    0.0  2.200 -999.9    330
MANT 2010 12  7 341    8.0   27.3 19.957  4.424    0.0  1.800 -999.9    330
MANT 2010 12  8 342    6.3   25.3 19.805  4.804    0.0  2.600 -999.9    330
MANT 2010 12  9 343    6.5   22.5 18.596  4.565    0.0  2.900 -999.9    330
MANT 2010 12 10 344    7.0   26.8 19.904  5.491    0.0  2.900 -999.9    330
MANT 2010 12 11 345    6.0   27.5 19.889  5.078    0.0  2.300 -999.9    330
MANT 2010 12 12 346    5.0   27.0 19.876  4.651    0.0  2.000 -999.9    330
MANT 2010 12 13 347    6.0   29.5 19.865  4.744    0.0  1.900 -999.9    330
MANT 2010 12 14 348    7.0   22.3 18.799  4.371    0.0  2.600 -999.9    330
MANT 2010 12 15 349    8.0   28.5 18.791  5.562    0.0  2.800 -999.9    330
MANT 2010 12 16 350    7.5   28.3 18.653  5.178    0.0  2.400 -999.9    330
MANT 2010 12 17 351    8.0   28.8 19.045  4.809    0.0  2.000 -999.9    330
MANT 2010 12 18 352    7.3   26.3 18.778  4.474    0.0  2.100 -999.9    330
MANT 2010 12 19 353    7.0   32.7 18.381  5.104    0.0  2.000 -999.9    330
MANT 2010 12 20 354    7.0   29.8 19.568  5.283    0.0  2.400 -999.9    330
MANT 2010 12 21 355    8.0   27.0 19.570  5.021    0.0  2.300 -999.9    330
MANT 2010 12 22 356    7.0   30.3 19.838  5.000    0.0  2.000 -999.9    330
MANT 2010 12 23 357    6.0   27.5 19.711  4.566    0.0  2.000 -999.9    330
MANT 2010 12 24 358    6.0   32.8 19.454  5.332    0.0  2.200 -999.9    330
MANT 2010 12 25 359    6.0   27.3 19.595  4.641    0.0  2.200 -999.9    330
MANT 2010 12 26 360    5.0   26.5 19.869  4.028    0.0  1.600 -999.9    330
MANT 2010 12 27 361    5.0   27.5 18.956  4.688    0.0  2.100 -999.9    330
MANT 2010 12 28 362    7.3   25.8 19.894  5.916    0.0  3.400 -999.9    330
MANT 2010 12 29 363    7.0   24.3 20.042  5.610    0.0  3.300 -999.9    330
MANT 2010 12 30 364    7.0   26.8 15.555  5.586    0.0  3.200 -999.9    330
MANT 2010 12 31 365    7.3   25.7 14.774  5.522    0.0  3.300 -999.9    330
