SABANS 2009  1  1   1   16.6   17.8 22.500  5.300    2.1  3.600 -999.9    330
SABANS 2009  1  2   2   14.9   26.7 27.000  5.200    0.0  3.000 -999.9    330
SABANS 2009  1  3   3   11.5   31.6 21.400  5.100    0.0  3.700 -999.9    330
SABANS 2009  1  4   4   11.5   32.2 30.200  5.100    0.0  2.400 -999.9    330
SABANS 2009  1  5   5   12.5   33.3 26.900  5.000    0.0  3.800 -999.9    330
SABANS 2009  1  6   6   13.4   32.6 30.500  4.900    0.0  2.300 -999.9    330
SABANS 2009  1  7   7   15.5   29.1 28.800  4.900    3.0  2.400 -999.9    330
SABANS 2009  1  8   8   15.7   23.4 28.400  4.800    3.0  1.100 -999.9    330
SABANS 2009  1  9   9   14.5   26.2 24.300  4.700   15.0  2.300 -999.9    330
SABANS 2009  1 10  10   14.2   28.1 18.670  4.700    0.0  2.600 -999.9    330
SABANS 2009  1 11  11    9.3   23.6 15.700  4.600    8.0  3.500 -999.9    330
SABANS 2009  1 12  12    9.3   27.4 13.300  4.500    0.0  1.300 -999.9    330
SABANS 2009  1 13  13   12.9   29.7 13.500  4.400    5.0  2.600 -999.9    330
SABANS 2009  1 14  14   10.8   25.2 23.100  4.400    0.0  3.700 -999.9    330
SABANS 2009  1 15  15   11.3   27.4 26.100  4.300    0.0  2.300 -999.9    330
SABANS 2009  1 16  16   14.9   29.1 26.600  4.200    0.0  1.700 -999.9    330
SABANS 2009  1 17  17   12.3   25.3 25.900  4.200    4.0  1.800 -999.9    330
SABANS 2009  1 18  18   14.2   24.8 22.800  4.100    7.0  1.800 -999.9    330
SABANS 2009  1 19  19   13.3   24.1 20.800  4.000    0.0  2.100 -999.9    330
SABANS 2009  1 20  20   10.5   24.8 23.100  3.900    0.0  1.500 -999.9    330
SABANS 2009  1 21  21   12.6   28.4 20.400  3.900    0.0  2.100 -999.9    330
SABANS 2009  1 22  22   16.5   27.2 18.800  3.800    0.0  3.100 -999.9    330
SABANS 2009  1 23  23   13.0   28.9 19.400  5.900    0.2  2.400 -999.9    330
SABANS 2009  1 24  24   14.2   31.8 19.200  6.800    0.0  4.600 -999.9    330
SABANS 2009  1 25  25   13.2   33.0 21.800  6.100    2.9  3.500 -999.9    330
SABANS 2009  1 26  26   17.2   21.7 25.000  2.000    3.6  3.400 -999.9    330
SABANS 2009  1 27  27   16.4   25.2 24.000  3.600    0.0  1.000 -999.9    330
SABANS 2009  1 28  28   14.8   19.5 18.100  5.000   25.5  1.200 -999.9    330
SABANS 2009  1 29  29   14.8   23.2 16.600  3.200    1.5  1.800 -999.9    330
SABANS 2009  1 30  30   15.9   30.2 20.800  5.600    0.0  4.900 -999.9    330
SABANS 2009  1 31  31   16.8   31.6 16.900  6.600    0.0  2.900 -999.9    330
SABANS 2009  2  1  32   17.3   31.3 21.700  6.200    3.3  2.400 -999.9    330
SABANS 2009  2  2  33   17.9   29.5 23.800  5.200    0.0  1.300 -999.9    330
SABANS 2009  2  3  34   18.0   32.7 24.100  7.600    0.0  1.200 -999.9    330
SABANS 2009  2  4  35   15.5   30.8 27.260  6.700    0.0  2.300 -999.9    330
SABANS 2009  2  5  36   15.4   27.4 21.990  5.000    1.7  1.400 -999.9    330
SABANS 2009  2  6  37   16.1   30.1 28.200  6.100    0.0  1.400 -999.9    330
SABANS 2009  2  7  38   16.6   29.4 29.800  4.900    3.2  1.400 -999.9    330
SABANS 2009  2  8  39   17.4   30.0 28.200  4.800    0.0  2.100 -999.9    330
SABANS 2009  2  9  40   16.8   30.6 21.200  4.900    2.9  1.800 -999.9    330
SABANS 2009  2 10  41   17.7   29.2 18.100  5.300    0.0  1.100 -999.9    330
SABANS 2009  2 11  42   16.0   23.6 31.100  2.700    2.0  1.700 -999.9    330
SABANS 2009  2 12  43   14.0   16.4 18.200  5.000    9.3  1.000 -999.9    330
SABANS 2009  2 13  44   14.2   21.0 26.700  1.900    4.6  1.600 -999.9    330
SABANS 2009  2 14  45   16.6   25.1 26.900  3.400    0.9  4.000 -999.9    330
SABANS 2009  2 15  46   14.2   26.0 24.900  3.300   18.4  2.000 -999.9    330
SABANS 2009  2 16  47   10.7   25.7 24.100  5.100    0.0  1.300 -999.9    330
SABANS 2009  2 17  48   12.5   31.0 20.300  5.600    0.0  0.800 -999.9    330
SABANS 2009  2 18  49   15.8   28.6 23.800  3.900    0.3  1.200 -999.9    330
SABANS 2009  2 19  50   17.5   24.7 25.600  2.600    3.3  2.600 -999.9    330
SABANS 2009  2 20  51   18.4   28.3 25.100  4.400    4.6  1.600 -999.9    330
SABANS 2009  2 21  52   18.1   27.7 23.800  4.200    0.0  2.200 -999.9    330
SABANS 2009  2 22  53   17.4   24.0 23.400  2.400    1.1  1.600 -999.9    330
SABANS 2009  2 23  54   16.7   26.5 19.100  4.800    0.0  1.200 -999.9    330
SABANS 2009  2 24  55   15.9   26.2 20.290  4.500    0.0  0.800 -999.9    330
SABANS 2009  2 25  56   16.2   27.7 16.200  3.400    1.8  1.400 -999.9    330
SABANS 2009  2 26  57   17.4   28.6 22.700  3.800    1.1  0.500 -999.9    330
SABANS 2009  2 27  58   17.0   27.0 17.800  3.600    9.4  1.400 -999.9    330
SABANS 2009  2 28  59   17.0   28.1 17.970  4.500    0.0  2.400 -999.9    330
SABANS 2009  3  1  60   14.8   28.8 15.300  5.100    0.0  6.400 -999.9    330
SABANS 2009  3  2  61   15.8   28.5 20.800  4.900    0.0  3.000 -999.9    330
SABANS 2009  3  3  62   15.3   30.1 23.800  5.100    0.1  0.900 -999.9    330
SABANS 2009  3  4  63   13.9   29.7 24.900  4.700    0.0  0.400 -999.9    330
SABANS 2009  3  5  64   13.5   28.0 23.600  5.000    0.0  0.600 -999.9    330
SABANS 2009  3  6  65   14.6   28.5 27.100  4.500    0.0  1.500 -999.9    330
SABANS 2009  3  7  66   15.0   29.8 24.700  4.700    0.0  1.600 -999.9    330
SABANS 2009  3  8  67   11.7   30.1 20.500  4.500    0.0  1.400 -999.9    330
SABANS 2009  3  9  68   15.9   29.0 19.100  4.200    7.9  2.200 -999.9    330
SABANS 2009  3 10  69   14.5   26.5 23.560  3.700    0.0  1.000 -999.9    330
SABANS 2009  3 11  70   13.8   28.6 13.700  4.000    0.0  1.500 -999.9    330
SABANS 2009  3 12  71   14.9   28.7 20.900  4.800    0.0  3.800 -999.9    330
SABANS 2009  3 13  72   15.8   22.9 21.500  2.600    3.3  3.400 -999.9    330
SABANS 2009  3 14  73   14.5   24.3 16.100  2.000    7.3  4.300 -999.9    330
SABANS 2009  3 15  74   15.1   25.8 16.900  3.800    0.0  2.600 -999.9    330
SABANS 2009  3 16  75   13.8   27.6 19.900  3.800    0.0  1.100 -999.9    330
SABANS 2009  3 17  76   12.1   26.9 20.900  4.700    0.0  1.200 -999.9    330
SABANS 2009  3 18  77    7.7   26.4 14.200  4.500    0.0  0.900 -999.9    330
SABANS 2009  3 19  78   11.3   24.4 14.200  3.100    0.0  0.700 -999.9    330
SABANS 2009  3 20  79   10.1   25.9 14.100  4.500    0.0  1.900 -999.9    330
SABANS 2009  3 21  80    9.3   27.2 20.100  4.300    0.0  1.600 -999.9    330
SABANS 2009  3 22  81    9.0   28.3 21.600  4.400    0.0  1.600 -999.9    330
SABANS 2009  3 23  82   10.4   29.6 23.300  3.900    0.0  2.100 -999.9    330
SABANS 2009  3 24  83   10.8   29.0 21.300  4.200    1.6  1.000 -999.9    330
SABANS 2009  3 25  84   14.7   30.1 20.700  4.400    0.0  1.000 -999.9    330
SABANS 2009  3 26  85   12.5   30.4 21.600  4.100    0.0  1.900 -999.9    330
SABANS 2009  3 27  86   13.5   31.3 23.300  4.800    0.0  2.100 -999.9    330
SABANS 2009  3 28  87   14.7   31.2 24.200  4.700    0.0  1.600 -999.9    330
SABANS 2009  3 29  88   16.2   30.9 24.000  5.100    0.0  2.100 -999.9    330
SABANS 2009  3 30  89   15.9   28.7 20.900  4.300    0.0  1.000 -999.9    330
SABANS 2009  3 31  90   13.1   30.4 21.200  3.400    0.0  1.200 -999.9    330
SABANS 2009  4  1  91   14.7   29.5 19.800  4.600    0.0  2.100 -999.9    330
SABANS 2009  4  2  92   13.8   29.1 20.900  4.100   10.7  1.200 -999.9    330
SABANS 2009  4  3  93   14.0   26.9 20.200  3.600    0.0  2.600 -999.9    330
SABANS 2009  4  4  94   13.5   26.4 23.400  3.600    0.0  2.800 -999.9    330
SABANS 2009  4  5  95   13.5   27.9 21.300  3.300    0.0  3.600 -999.9    330
SABANS 2009  4  6  96   13.1   28.8 20.200  3.500    0.0  3.200 -999.9    330
SABANS 2009  4  7  97   11.6   28.4 17.900  3.800    0.0  3.000 -999.9    330
SABANS 2009  4  8  98   13.1   26.2 22.300  3.800    1.7  1.600 -999.9    330
SABANS 2009  4  9  99   13.2   25.7 20.400  3.200    0.0  1.500 -999.9    330
SABANS 2009  4 10 100   12.3   28.3 20.400  3.700    0.0  2.400 -999.9    330
SABANS 2009  4 11 101   12.1   28.4 20.400  4.400    0.0  1.600 -999.9    330
SABANS 2009  4 12 102    8.6   29.6 20.100  4.700    0.0  0.600 -999.9    330
SABANS 2009  4 13 103   10.4   27.1 21.300  4.200    0.0  2.100 -999.9    330
SABANS 2009  4 14 104    9.1   27.7 14.000  4.200    0.0  3.400 -999.9    330
SABANS 2009  4 15 105    9.1   27.9 15.100  3.400    0.0  1.900 -999.9    330
SABANS 2009  4 16 106   10.4   28.2 21.600  3.900    0.0  1.100 -999.9    330
SABANS 2009  4 17 107   10.6   27.8 21.400  3.800    0.0  0.600 -999.9    330
SABANS 2009  4 18 108    9.4   26.7 20.900  3.500    0.0  1.900 -999.9    330
SABANS 2009  4 19 109    7.9   27.5 20.600  3.900    0.0  2.100 -999.9    330
SABANS 2009  4 20 110    6.4   24.9 18.600  4.300    0.0  4.900 -999.9    330
SABANS 2009  4 21 111    8.0   22.1 17.270  4.000    0.1  3.500 -999.9    330
SABANS 2009  4 22 112    9.9   22.2 13.600  4.100    0.0  3.300 -999.9    330
SABANS 2009  4 23 113   10.2   20.5 19.000  3.000    0.0  0.600 -999.9    330
SABANS 2009  4 24 114   12.0   23.5 18.200  3.500    5.9  1.000 -999.9    330
SABANS 2009  4 25 115    9.3   21.3 18.500  3.600    1.5  1.100 -999.9    330
SABANS 2009  4 26 116    3.9   18.0 17.900  2.400    0.0  1.000 -999.9    330
SABANS 2009  4 27 117    5.0   21.7 20.700  2.600    0.0  0.800 -999.9    330
SABANS 2009  4 28 118    5.1   24.6 20.100  3.100    0.0  2.600 -999.9    330
SABANS 2009  4 29 119   10.7   25.2 19.800  3.300    0.3  7.900 -999.9    330
SABANS 2009  4 30 120    7.8   19.8 19.200  2.700    1.1  4.300 -999.9    330
SABANS 2009  5  1 121    4.3   20.5 15.400  2.500    0.0  2.200 -999.9    330
SABANS 2009  5  2 122    4.8   21.7 15.480  2.900    0.0  1.700 -999.9    330
SABANS 2009  5  3 123    7.8   22.1 12.420  2.800    6.2  0.900 -999.9    330
SABANS 2009  5  4 124   11.2   21.7 14.600  2.700    6.3  0.500 -999.9    330
SABANS 2009  5  5 125   11.6   19.2 17.500  2.300    9.4  0.500 -999.9    330
SABANS 2009  5  6 126    9.2   21.7 15.000  2.300    0.0  0.800 -999.9    330
SABANS 2009  5  7 127    7.0   21.0 19.000  2.500    0.1  0.500 -999.9    330
SABANS 2009  5  8 128    7.1   20.2 16.000  2.700    0.0  0.800 -999.9    330
SABANS 2009  5  9 129    6.8   19.8 18.910  2.600    0.0  1.800 -999.9    330
SABANS 2009  5 10 130    6.4   20.2 14.000  2.500    0.0  0.700 -999.9    330
SABANS 2009  5 11 131    6.5   21.3 15.700  2.700    0.0  1.000 -999.9    330
SABANS 2009  5 12 132    9.5   30.2 16.200  2.800    0.0  0.800 -999.9    330
SABANS 2009  5 13 133    8.7   22.1 16.200  2.900    0.0  1.400 -999.9    330
SABANS 2009  5 14 134    8.3   21.9 16.900  2.900    0.0  2.700 -999.9    330
SABANS 2009  5 15 135    9.9   21.7 17.600  3.000    2.1  1.000 -999.9    330
SABANS 2009  5 16 136    7.3   21.0 11.230 89.000    5.1  2.900 -999.9    330
SABANS 2009  5 17 137    2.1   12.2 17.700  2.000    0.0  1.300 -999.9    330
SABANS 2009  5 18 138    0.4   17.8 17.900  1.700    0.0  3.400 -999.9    330
SABANS 2009  5 19 139    2.5   21.3 17.400  1.700    0.0  4.000 -999.9    330
SABANS 2009  5 20 140    4.4   22.2 15.400  2.400    0.0  2.300 -999.9    330
SABANS 2009  5 21 141    9.0   20.2 26.460  2.700    0.0  1.200 -999.9    330
SABANS 2009  5 22 142    7.0   22.2 14.000  2.300    0.0  1.000 -999.9    330
SABANS 2009  5 23 143    6.8   22.9 16.700  2.000    0.0  1.600 -999.9    330
SABANS 2009  5 24 144    7.1   21.7 14.700  1.900    0.0  1.200 -999.9    330
SABANS 2009  5 25 145    5.8   22.7 16.800  2.500    0.0  1.800 -999.9    330
SABANS 2009  5 26 146    3.7   22.5 16.600  2.300    0.0  3.200 -999.9    330
SABANS 2009  5 27 147    2.0   21.9 16.400  1.800    0.0  1.200 -999.9    330
SABANS 2009  5 28 148    3.9   23.0 15.600  2.000    0.0  2.100 -999.9    330
SABANS 2009  5 29 149    1.5   19.7 15.900  2.900    0.0  1.400 -999.9    330
SABANS 2009  5 30 150    3.0   12.1 16.400  5.000    0.0  0.900 -999.9    330
SABANS 2009  5 31 151    4.5   14.3 16.900  1.800    0.0  0.900 -999.9    330
SABANS 2009  6  1 152    1.6   16.5 16.800  5.000    0.0  0.900 -999.9    330
SABANS 2009  6  2 153    1.6   19.8 16.200  2.000    0.0  0.900 -999.9    330
SABANS 2009  6  3 154    1.1   18.8 15.900  1.800    0.0  1.000 -999.9    330
SABANS 2009  6  4 155    3.7   19.1 15.800  1.800    0.0  1.400 -999.9    330
SABANS 2009  6  5 156    2.7   20.2 16.000  1.900    0.0  1.000 -999.9    330
SABANS 2009  6  6 157    6.2   19.5 13.800  2.100    0.0  0.800 -999.9    330
SABANS 2009  6  7 158    6.3   17.5 20.390  1.700    0.0  2.800 -999.9    330
SABANS 2009  6  8 159    6.8   12.6 13.120  1.700    0.0  0.800 -999.9    330
SABANS 2009  6  9 160    4.6   16.9 17.510  2.600    0.0  1.400 -999.9    330
SABANS 2009  6 10 161    7.7   11.5 26.140  5.000    7.2  1.600 -999.9    330
SABANS 2009  6 11 162    9.1   14.5 21.030  5.000    1.4  2.300 -999.9    330
SABANS 2009  6 12 163    5.8   17.3 29.500  5.000    0.0  1.800 -999.9    330
SABANS 2009  6 13 164    6.5   19.9 14.900  2.400    6.0  1.700 -999.9    330
SABANS 2009  6 14 165    3.9   15.4 13.800  5.000    0.6  1.800 -999.9    330
SABANS 2009  6 15 166    3.8   20.6 13.700  2.500    0.0  3.500 -999.9    330
SABANS 2009  6 16 167    9.0   19.7 14.100  1.900    0.0  1.600 -999.9    330
SABANS 2009  6 17 168    7.1   20.0 13.000  2.000    0.0  1.200 -999.9    330
SABANS 2009  6 18 169    6.2   20.4 12.800  1.900    0.0  1.600 -999.9    330
SABANS 2009  6 19 170    7.3   20.0 20.680  2.400    0.0  2.300 -999.9    330
SABANS 2009  6 20 171    6.7   17.4 15.150  5.000    0.0  2.800 -999.9    330
SABANS 2009  6 21 172    9.5   19.1 14.000  2.200    0.1  1.300 -999.9    330
SABANS 2009  6 22 173    8.7   19.4 15.200  2.300    4.2  1.200 -999.9    330
SABANS 2009  6 23 174    5.3   12.2 20.930  1.700    0.1  2.000 -999.9    330
SABANS 2009  6 24 175    0.8    9.8 16.100  1.800    0.0  1.400 -999.9    330
SABANS 2009  6 25 176    2.4   10.7 16.200  1.900    0.0  2.500 -999.9    330
SABANS 2009  6 26 177    3.5    9.3 16.500  5.000    0.0  4.100 -999.9    330
SABANS 2009  6 27 178    1.3   14.5 15.900  5.000    0.0  3.700 -999.9    330
SABANS 2009  6 28 179    2.0   15.5 16.300  2.200    0.0  4.600 -999.9    330
SABANS 2009  6 29 180    1.3   16.8 16.200  2.700    0.0  2.400 -999.9    330
SABANS 2009  6 30 181    1.8   14.7 14.800  2.000    0.0  1.900 -999.9    330
SABANS 2009  7  1 182    0.3   16.1 15.600  1.800    0.0  1.900 -999.9    330
SABANS 2009  7  2 183    0.1   15.7 16.100  2.100    0.0  2.600 -999.9    330
SABANS 2009  7  3 184    0.4   16.4 16.000  5.000    0.0  2.400 -999.9    330
SABANS 2009  7  4 185    1.2   16.7 18.950  2.900    0.0  2.900 -999.9    330
SABANS 2009  7  5 186    2.8   14.8 23.530  1.900    0.0  3.600 -999.9    330
SABANS 2009  7  6 187    0.2   16.4 12.900  1.800    0.0  2.400 -999.9    330
SABANS 2009  7  7 188    0.1   17.9 15.600  1.700    0.0  1.300 -999.9    330
SABANS 2009  7  8 189    1.6   18.0 16.100  2.500    0.0  1.900 -999.9    330
SABANS 2009  7  9 190    1.8   17.8 16.500  2.100    0.0  2.300 -999.9    330
SABANS 2009  7 10 191    1.7   18.6 16.400  2.400    0.0  1.000 -999.9    330
SABANS 2009  7 11 192    4.2   20.1 16.300  3.200    0.0  3.300 -999.9    330
SABANS 2009  7 12 193    0.3   11.8 15.900  5.000    0.4  4.900 -999.9    330
SABANS 2009  7 13 194    1.3   15.6 13.800  2.200    0.1  0.800 -999.9    330
SABANS 2009  7 14 195    1.1    9.8 16.500  5.000    0.0  3.200 -999.9    330
SABANS 2009  7 15 196    5.2   10.8 16.200  1.700    0.0  1.000 -999.9    330
SABANS 2009  7 16 197    5.5   15.1 16.500  1.900    0.0  2.300 -999.9    330
SABANS 2009  7 17 198    0.2   18.2 17.000  2.700    0.0  1.900 -999.9    330
SABANS 2009  7 18 199    0.6   17.9 17.400  2.400    0.0  1.500 -999.9    330
SABANS 2009  7 19 200    0.6   18.6 17.500  2.400    0.0  2.000 -999.9    330
SABANS 2009  7 20 201    0.9   17.8 17.600  3.000    0.0  2.300 -999.9    330
SABANS 2009  7 21 202    0.4   17.6 17.300  2.300    0.0  3.100 -999.9    330
SABANS 2009  7 22 203    0.4   17.4 16.800  2.500    0.0  2.900 -999.9    330
SABANS 2009  7 23 204    0.2   10.1 16.500  2.400    0.0  1.600 -999.9    330
SABANS 2009  7 24 205    0.8   11.7 14.700  2.600    0.0  4.300 -999.9    330
SABANS 2009  7 25 206    2.6   14.1 18.000  2.100    0.0  4.500 -999.9    330
SABANS 2009  7 26 207    2.8   17.7 18.000  2.200    0.0  5.500 -999.9    330
SABANS 2009  7 27 208    0.7   18.5 18.000  2.600    0.0  3.000 -999.9    330
SABANS 2009  7 28 209    0.0   17.5 18.100  2.900    0.0  3.000 -999.9    330
SABANS 2009  7 29 210    1.3   18.7 18.000  2.700    0.0  1.800 -999.9    330
SABANS 2009  7 30 211    5.0   18.8 17.800  2.600    0.0  3.100 -999.9    330
SABANS 2009  7 31 212    7.0   13.6 17.700  5.000    9.5  2.700 -999.9    330
SABANS 2009  8  1 213    6.6    9.3  6.640  5.000    7.7  4.700 -999.9    330
SABANS 2009  8  2 214    4.9   17.4 13.700  2.500    0.2  1.100 -999.9    330
SABANS 2009  8  3 215    3.8   17.8 14.800  2.000    0.0  1.800 -999.9    330
SABANS 2009  8  4 216    4.5   20.1 18.500  2.900    0.0  4.500 -999.9    330
SABANS 2009  8  5 217    7.1   21.8 18.800  3.300    0.0  1.400 -999.9    330
SABANS 2009  8  6 218    2.6   21.6 18.300  2.700    0.0  1.600 -999.9    330
SABANS 2009  8  7 219    4.8   22.8 16.800  4.100    0.0  3.300 -999.9    330
SABANS 2009  8  8 220    8.4   22.9 18.400  3.400    0.0  2.100 -999.9    330
SABANS 2009  8  9 221    8.9   22.4 17.200  3.200    0.0  3.200 -999.9    330
SABANS 2009  8 10 222    6.7   23.8 18.400  3.100    0.0  4.900 -999.9    330
SABANS 2009  8 11 223    6.8   25.3 18.900  3.400    0.0  2.300 -999.9    330
SABANS 2009  8 12 224    5.0   23.2 18.800  5.000    0.0  1.800 -999.9    330
SABANS 2009  8 13 225    1.7   13.9 20.400  2.400    0.0  3.200 -999.9    330
SABANS 2009  8 14 226    0.2   19.3 15.700  3.000    0.0  1.700 -999.9    330
SABANS 2009  8 15 227    3.9   21.1 19.400  3.000    0.0  2.100 -999.9    330
SABANS 2009  8 16 228    5.5   22.4 18.900  4.400    0.0  3.200 -999.9    330
SABANS 2009  8 17 229    7.4   20.1 18.600  4.100    0.0  5.100 -999.9    330
SABANS 2009  8 18 230    6.8   21.3 18.900  4.800    0.0  5.100 -999.9    330
SABANS 2009  8 19 231    0.5   12.5 19.800  3.000    0.0  3.600 -999.9    330
SABANS 2009  8 20 232    3.5   13.8 21.600  2.400    0.0  3.600 -999.9    330
SABANS 2009  8 21 233    3.8   17.7 21.600  2.600    0.0  1.800 -999.9    330
SABANS 2009  8 22 234    0.6   21.1 21.000  3.700    0.0  0.900 -999.9    330
SABANS 2009  8 23 235    0.8   21.9 20.400  4.100    0.0  1.700 -999.9    330
SABANS 2009  8 24 236    3.9   21.8 19.100  3.900    0.0  3.000 -999.9    330
SABANS 2009  8 25 237    6.2   23.3 20.600  3.800    0.0  2.400 -999.9    330
SABANS 2009  8 26 238    5.0   24.8 21.000  4.400    0.0  3.400 -999.9    330
SABANS 2009  8 27 239    4.8   20.9 17.800  3.600    0.8  4.500 -999.9    330
SABANS 2009  8 28 240    1.5   21.3 20.300  3.800    0.0  2.800 -999.9    330
SABANS 2009  8 29 241    6.8   25.5 21.400  4.400    0.0  3.600 -999.9    330
SABANS 2009  8 30 242    7.8   27.8 19.900  4.200    0.0  3.300 -999.9    330
SABANS 2009  8 31 243    8.7   28.8 19.100  4.300    0.0  4.600 -999.9    330
SABANS 2009  9  1 244    8.8   29.4 19.700  5.400    0.0  3.100 -999.9    330
SABANS 2009  9  2 245    8.0   26.1 20.400  4.900    0.0  4.600 -999.9    330
SABANS 2009  9  3 246    2.5   24.9 21.000  4.200    0.0  3.200 -999.9    330
SABANS 2009  9  4 247    5.5   28.3 20.400  5.600    0.0  3.000 -999.9    330
SABANS 2009  9  5 248    6.9   29.7 21.500  5.700    0.0  4.900 -999.9    330
SABANS 2009  9  6 249    9.2   29.9 22.900  5.600    0.0  3.900 -999.9    330
SABANS 2009  9  7 250    7.0   30.1 22.700  6.000    0.0  3.200 -999.9    330
SABANS 2009  9  8 251    3.5   21.3 22.700  4.200    0.0  2.300 -999.9    330
SABANS 2009  9  9 252    4.1   20.3 20.700  3.600    0.0  2.900 -999.9    330
SABANS 2009  9 10 253    8.6   21.5 19.700  4.700    0.0  1.900 -999.9    330
SABANS 2009  9 11 254    3.4   19.3 18.400  4.800    0.0  2.100 -999.9    330
SABANS 2009  9 12 255    2.1   24.6 21.400  4.700    0.0  3.300 -999.9    330
SABANS 2009  9 13 256    7.7   27.7 22.100  5.200    0.0  3.200 -999.9    330
SABANS 2009  9 14 257    6.5   28.7 23.300  4.400    0.0  3.500 -999.9    330
SABANS 2009  9 15 258   12.1   27.3 23.000  5.100    0.0  3.100 -999.9    330
SABANS 2009  9 16 259   10.6   24.0 22.700  3.500    0.0  2.900 -999.9    330
SABANS 2009  9 17 260    7.0   24.8 21.300  5.000    0.0  5.300 -999.9    330
SABANS 2009  9 18 261    3.9   20.0 20.300  5.100    0.0  4.300 -999.9    330
SABANS 2009  9 19 262    2.3   23.2 26.000  4.600    0.0  5.300 -999.9    330
SABANS 2009  9 20 263    4.2   25.3 19.600  5.600    0.0  5.200 -999.9    330
SABANS 2009  9 21 264    4.6   27.1 23.600  5.700    0.0  4.600 -999.9    330
SABANS 2009  9 22 265    8.6   29.5 23.300  6.600    0.0  5.800 -999.9    330
SABANS 2009  9 23 266   10.7   27.6 18.900  5.600    0.0  3.300 -999.9    330
SABANS 2009  9 24 267    8.1   29.8 22.900  5.700    0.0  1.700 -999.9    330
SABANS 2009  9 25 268    7.6   26.5 16.360  5.500    0.0  2.600 -999.9    330
SABANS 2009  9 26 269    6.1   29.3 24.700  6.100    0.0  1.900 -999.9    330
SABANS 2009  9 27 270    8.0   31.3 25.000  7.500    0.0  2.300 -999.9    330
SABANS 2009  9 28 271    9.0   26.4 19.100  6.100    0.0  3.100 -999.9    330
SABANS 2009  9 29 272   10.6   21.1 18.100  4.200    0.0  4.400 -999.9    330
SABANS 2009  9 30 273   11.3   21.8 23.200  3.700    0.0  4.900 -999.9    330
SABANS 2009 10  1 274   13.2   25.9 23.200  5.000    7.1  3.000 -999.9    330
SABANS 2009 10  2 275   10.9   26.0 19.800  5.000    0.0  1.800 -999.9    330
SABANS 2009 10  3 276   12.2   23.4 17.700  3.800    2.8  3.000 -999.9    330
SABANS 2009 10  4 277   12.9   20.2 27.230  3.100    4.9  2.600 -999.9    330
SABANS 2009 10  5 278   10.7   24.2 17.200  4.100    1.3  1.800 -999.9    330
SABANS 2009 10  6 279   11.1   29.0 23.900  5.900    0.0  2.600 -999.9    330
SABANS 2009 10  7 280   12.5   29.4 26.900  6.500    0.0  2.900 -999.9    330
SABANS 2009 10  8 281    6.8   26.3 27.700  5.500    0.0  3.300 -999.9    330
SABANS 2009 10  9 282    4.8   28.5 23.000  6.300    0.0  3.300 -999.9    330
SABANS 2009 10 10 283    9.4   30.7 16.800  7.200    0.0  3.500 -999.9    330
SABANS 2009 10 11 284   14.0   20.5 21.500  2.600   22.7  2.600 -999.9    330
SABANS 2009 10 12 285   10.3   17.8 17.100  2.500   42.2  2.200 -999.9    330
SABANS 2009 10 13 286    5.9   21.9 25.200  4.000    0.0  2.500 -999.9    330
SABANS 2009 10 14 287    9.8   27.6 25.800  5.900    0.0  4.100 -999.9    330
SABANS 2009 10 15 288   16.7   27.7 26.400  5.200    0.8  2.600 -999.9    330
SABANS 2009 10 16 289   14.9   24.7 25.400  3.500    2.1  4.000 -999.9    330
SABANS 2009 10 17 290   14.0   27.0 22.600  6.200    0.0  2.400 -999.9    330
SABANS 2009 10 18 291    4.1   29.6 18.600  5.500    0.0  5.200 -999.9    330
SABANS 2009 10 19 292   12.9   25.8 19.100  4.800    0.1  4.600 -999.9    330
SABANS 2009 10 20 293   10.9   28.2 20.200  6.400    0.0  5.000 -999.9    330
SABANS 2009 10 21 294   12.6   31.8 26.100  6.800    0.0  2.600 -999.9    330
SABANS 2009 10 22 295   14.2   32.3 22.000  8.000    0.0  1.900 -999.9    330
SABANS 2009 10 23 296   15.6   31.9 24.700  7.700    0.0  2.900 -999.9    330
SABANS 2009 10 24 297   12.8   31.3 27.300  6.700    1.3  1.100 -999.9    330
SABANS 2009 10 25 298   15.0   24.9 22.800  5.000    3.2  1.900 -999.9    330
SABANS 2009 10 26 299   14.7   26.4 22.900  6.900    0.9  2.400 -999.9    330
SABANS 2009 10 27 300   15.1   26.3 20.400  6.600    0.0  3.500 -999.9    330
SABANS 2009 10 28 301   15.5   26.2 25.200  4.700    8.0  5.400 -999.9    330
SABANS 2009 10 29 302    6.0   24.5 19.900  4.700    0.0  4.800 -999.9    330
SABANS 2009 10 30 303   -3.1   19.4 16.400  4.600    0.0  2.400 -999.9    330
SABANS 2009 10 31 304   -3.1   22.6 16.900  4.500    0.0  2.700 -999.9    330
SABANS 2009 11  1 305    0.4   25.1 18.600  4.400    0.0  1.800 -999.9    330
SABANS 2009 11  2 306    3.9   26.7 21.300  4.400    0.0  1.100 -999.9    330
SABANS 2009 11  3 307    3.9   28.5 18.600  4.300    0.0  3.000 -999.9    330
SABANS 2009 11  4 308    4.9   27.0 17.700  4.200    0.0  3.500 -999.9    330
SABANS 2009 11  5 309    4.9   29.7 22.100  4.100    0.0  3.000 -999.9    330
SABANS 2009 11  6 310    2.0   26.3 26.700  4.100    0.0  2.400 -999.9    330
SABANS 2009 11  7 311    2.0   28.9 21.420  4.000    0.0  3.000 -999.9    330
SABANS 2009 11  8 312    5.3   31.3 26.600  3.900    0.0  1.500 -999.9    330
SABANS 2009 11  9 313    7.9   26.5 24.700  3.900    0.0  2.300 -999.9    330
SABANS 2009 11 10 314   10.0   20.3 25.900  3.800    0.0  2.800 -999.9    330
SABANS 2009 11 11 315   10.2   21.9 26.900  3.700    7.0  1.800 -999.9    330
SABANS 2009 11 12 316    9.4   26.3 26.600  3.600    2.0  5.900 -999.9    330
SABANS 2009 11 13 317    9.4   26.1 29.800  3.600    3.0  4.100 -999.9    330
SABANS 2009 11 14 318   11.6   23.1 25.900  3.500    7.0  4.400 -999.9    330
SABANS 2009 11 15 319    9.6   22.6 23.200  3.400    1.0  2.600 -999.9    330
SABANS 2009 11 16 320    8.3   24.6 19.700  3.300    0.0  3.000 -999.9    330
SABANS 2009 11 17 321    8.3   29.0 19.330  3.300    0.2  4.300 -999.9    330
SABANS 2009 11 18 322    5.6   29.3 19.790  3.200    0.0  2.700 -999.9    330
SABANS 2009 11 19 323   11.6   22.9 15.970  3.100    0.1  3.200 -999.9    330
SABANS 2009 11 20 324    9.4   19.0 19.840  3.300    6.3  3.800 -999.9    330
SABANS 2009 11 21 325   11.8   19.7 17.500  3.400    0.1  4.000 -999.9    330
SABANS 2009 11 22 326   10.6   26.6 27.400  5.000    0.0  2.600 -999.9    330
SABANS 2009 11 23 327   14.1   30.5 30.000  6.800    0.0  3.400 -999.9    330
SABANS 2009 11 24 328   16.0   30.3 30.500  5.700    0.0  1.700 -999.9    330
SABANS 2009 11 25 329   17.3   32.2 29.500  7.800    0.0  2.100 -999.9    330
SABANS 2009 11 26 330   14.3   33.2 27.100  6.200    2.0  4.000 -999.9    330
SABANS 2009 11 27 331   11.5   31.9 25.900  7.500    0.0  3.300 -999.9    330
SABANS 2009 11 28 332   12.8   32.9 28.700  7.600    0.0  2.300 -999.9    330
SABANS 2009 11 29 333   17.6   33.5 21.700  7.700    0.0  2.300 -999.9    330
SABANS 2009 11 30 334   16.5   31.9 18.000  7.300    0.0  2.700 -999.9    330
SABANS 2009 12  1 335   13.2   32.7 13.700  7.700    0.0  3.300 -999.9    330
SABANS 2009 12  2 336   14.0   33.0 24.700  9.700    0.0  2.300 -999.9    330
SABANS 2009 12  3 337   10.3   32.1 28.600  7.800    0.0  4.800 -999.9    330
SABANS 2009 12  4 338   11.4   33.4 29.900  8.500    0.0  3.300 -999.9    330
SABANS 2009 12  5 339   13.1   34.2 24.700  8.900    0.0  2.400 -999.9    330
SABANS 2009 12  6 340   16.9   34.6 30.400  8.500    5.1  2.600 -999.9    330
SABANS 2009 12  7 341   16.0   32.8 28.800  7.900    0.2  3.100 -999.9    330
SABANS 2009 12  8 342   17.0   30.1 12.800  5.500    6.6  2.200 -999.9    330
SABANS 2009 12  9 343   15.0   29.8 22.370  6.300   13.7  3.000 -999.9    330
SABANS 2009 12 10 344   14.6   30.4 30.000  7.400    0.0  4.400 -999.9    330
SABANS 2009 12 11 345   14.9   30.0 22.500  6.600    0.0  2.600 -999.9    330
SABANS 2009 12 12 346   16.0   31.6 18.700  7.000    0.0  1.600 -999.9    330
SABANS 2009 12 13 347   16.6   34.2 22.900  8.600    0.0  3.100 -999.9    330
SABANS 2009 12 14 348   15.5   27.6 20.480  6.300   22.8  3.400 -999.9    330
SABANS 2009 12 15 349   15.3   30.3 13.900  7.100    1.3  4.200 -999.9    330
SABANS 2009 12 16 350   14.5   29.9 30.300  8.000    0.0  2.600 -999.9    330
SABANS 2009 12 17 351   12.6   33.8 30.300  8.200    0.0  3.300 -999.9    330
SABANS 2009 12 18 352   13.3   34.2 31.700  8.200    0.0  2.900 -999.9    330
SABANS 2009 12 19 353   13.9   35.2 29.800  9.400    0.0  1.900 -999.9    330
SABANS 2009 12 20 354   16.2   34.9 23.300  8.900    0.0  1.900 -999.9    330
SABANS 2009 12 21 355   18.0   34.8 25.100  9.300    7.8  1.800 -999.9    330
SABANS 2009 12 22 356   16.8   34.6 31.700  7.100    0.0  2.800 -999.9    330
SABANS 2009 12 23 357   19.7   32.1 30.800  6.800    0.0  3.000 -999.9    330
SABANS 2009 12 24 358   15.1   34.4 29.100  8.000    0.0  2.900 -999.9    330
SABANS 2009 12 25 359   16.1   35.0 28.600  8.500    0.0  3.000 -999.9    330
SABANS 2009 12 26 360   16.4   32.3 23.900  8.300    0.0  1.800 -999.9    330
SABANS 2009 12 27 361   14.2   31.9 28.800  7.400    0.0  1.900 -999.9    330
SABANS 2009 12 28 362   14.7   34.6 21.300  9.900    0.0  2.100 -999.9    330
SABANS 2009 12 29 363   12.8   32.6 26.800  8.000    0.0  1.400 -999.9    330
SABANS 2009 12 30 364   15.2   34.9 23.000 10.000    0.1  1.700 -999.9    330
SABANS 2009 12 31 365   17.7   34.4 28.000  7.900    0.0  3.100 -999.9    330
SABANS 2010  1  1   1   18.2   31.5 28.600  5.800    1.1  1.600 -999.9    330
SABANS 2010  1  2   2   17.0   19.8 17.400  1.700   19.9  3.000 -999.9    330
SABANS 2010  1  3   3   17.4   28.8 17.900  5.600    0.0  2.700 -999.9    330
SABANS 2010  1  4   4   17.7   30.4 15.100  6.600    0.9  1.900 -999.9    330
SABANS 2010  1  5   5   15.3   28.6 22.560  6.100    0.0  3.900 -999.9    330
SABANS 2010  1  6   6   15.9   29.9 24.200  6.500    0.0  2.400 -999.9    330
SABANS 2010  1  7   7   17.3   31.9 26.600  6.300    3.9  1.200 -999.9    330
SABANS 2010  1  8   8   15.4   31.7 21.100  7.100    6.3  2.100 -999.9    330
SABANS 2010  1  9   9   16.9   26.4 23.400  4.200    0.0  1.600 -999.9    330
SABANS 2010  1 10  10   17.0   25.6 30.400  3.700    1.6  1.400 -999.9    330
SABANS 2010  1 11  11   14.7   28.0 27.300  4.400    0.1  2.300 -999.9    330
SABANS 2010  1 12  12   16.2   30.8 26.600  6.400    0.1  1.400 -999.9    330
SABANS 2010  1 13  13   17.3   30.2 24.500  6.500    0.9  1.800 -999.9    330
SABANS 2010  1 14  14   16.8   31.2 26.000  5.700   17.3  2.300 -999.9    330
SABANS 2010  1 15  15   17.6   31.1 25.300  6.300    1.0  2.100 -999.9    330
SABANS 2010  1 16  16   15.9   32.4 23.900  7.000    0.0  1.600 -999.9    330
SABANS 2010  1 17  17   16.3   34.6 16.900  7.800    0.0  1.600 -999.9    330
SABANS 2010  1 18  18   19.3   34.3 16.900  8.000    1.2  1.800 -999.9    330
SABANS 2010  1 19  19   17.2   21.7 24.600  2.000   10.6  2.200 -999.9    330
SABANS 2010  1 20  20   16.9   26.1 22.530  4.300    0.0  0.800 -999.9    330
SABANS 2010  1 21  21   16.7   24.8 15.100  3.900    3.4  2.100 -999.9    330
SABANS 2010  1 22  22   17.0   19.7 24.600  5.000   16.6  2.700 -999.9    330
SABANS 2010  1 23  23   16.6   25.4 24.600  3.400    2.4  1.300 -999.9    330
SABANS 2010  1 24  24   16.8   29.4 14.000  5.000    0.0  2.200 -999.9    330
SABANS 2010  1 25  25   17.2   27.3 18.400  3.900   11.5  1.600 -999.9    330
SABANS 2010  1 26  26   17.0   21.0 21.300  1.800   21.5  2.100 -999.9    330
SABANS 2010  1 27  27   16.8   29.5 16.400  5.900    0.0  1.800 -999.9    330
SABANS 2010  1 28  28   15.6   30.7 19.600  5.600    0.0  2.600 -999.9    330
SABANS 2010  1 29  29   15.8   29.8 13.100  6.000    0.0  1.800 -999.9    330
SABANS 2010  1 30  30   17.3   28.5 17.300  5.400    0.0  1.500 -999.9    330
SABANS 2010  1 31  31   17.5   28.1 23.800  3.900   13.0  1.100 -999.9    330
SABANS 2010  2  1  32   15.2   27.5 26.700  5.400    0.1  0.800 -999.9    330
SABANS 2010  2  2  33   12.3   30.0 26.400  5.800    0.0  1.400 -999.9    330
SABANS 2010  2  3  34   15.8   30.8 20.900  5.700    5.5  2.600 -999.9    330
SABANS 2010  2  4  35   14.0   29.0 28.400  5.600    0.0  1.900 -999.9    330
SABANS 2010  2  5  36   17.2   30.3 25.500  7.000    0.0  1.600 -999.9    330
SABANS 2010  2  6  37   15.5   31.3 24.900  6.200    0.0  3.900 -999.9    330
SABANS 2010  2  7  38   17.5   31.7 23.700  5.300    0.0  2.000 -999.9    330
SABANS 2010  2  8  39   18.7   32.7 28.200  6.000    2.1  3.500 -999.9    330
SABANS 2010  2  9  40   17.5   31.1 27.900  5.700    0.0  1.000 -999.9    330
SABANS 2010  2 10  41   20.0   31.2 29.400  5.500    0.6  1.100 -999.9    330
SABANS 2010  2 11  42   18.9   31.0 25.400  5.800    0.0  2.100 -999.9    330
SABANS 2010  2 12  43   20.0   33.3 26.200  5.500    0.4  1.700 -999.9    330
SABANS 2010  2 13  44   18.7   34.6 25.000  6.700    0.0  1.800 -999.9    330
SABANS 2010  2 14  45   17.9   33.7 16.600  6.900    0.0  1.500 -999.9    330
SABANS 2010  2 15  46   17.0   28.8 23.500  5.300    4.1  1.100 -999.9    330
SABANS 2010  2 16  47   15.5   24.5 25.600  3.200   18.4  2.000 -999.9    330
SABANS 2010  2 17  48   15.5   26.3 15.100  4.800    0.0  2.400 -999.9    330
SABANS 2010  2 18  49   13.5   28.6 20.800  4.500    0.0  2.300 -999.9    330
SABANS 2010  2 19  50   16.2   30.9 26.300  5.100    0.0  1.100 -999.9    330
SABANS 2010  2 20  51   18.0   30.0 27.200  5.600    0.0  1.300 -999.9    330
SABANS 2010  2 21  52   16.3   31.0 28.100  5.200    0.0  1.700 -999.9    330
SABANS 2010  2 22  53   17.9   29.8 25.800  4.100    0.0  2.300 -999.9    330
SABANS 2010  2 23  54   18.1   29.1 21.300  5.600    3.7  1.400 -999.9    330
SABANS 2010  2 24  55   15.3   18.9 26.500  5.000    0.0  1.500 -999.9    330
SABANS 2010  2 25  56   15.6   26.8 15.800  4.500   13.3  1.200 -999.9    330
SABANS 2010  2 26  57   15.5   26.6 13.100  4.300    1.8  1.300 -999.9    330
SABANS 2010  2 27  58   15.1   27.5 19.600  4.600    0.0  1.100 -999.9    330
SABANS 2010  2 28  59   16.5   28.8 26.100  5.100    0.0  1.200 -999.9    330
SABANS 2010  3  1  60   15.4   29.2 28.100  5.000    0.0  1.600 -999.9    330
SABANS 2010  3  2  61   16.2   30.5 22.800  4.600    9.0  2.800 -999.9    330
SABANS 2010  3  3  62   15.9   28.7 17.800  4.900    0.1  6.100 -999.9    330
SABANS 2010  3  4  63   17.5   27.3 19.500  4.200    0.0  4.400 -999.9    330
SABANS 2010  3  5  64   15.9   28.5 14.100  4.600    3.4  2.500 -999.9    330
SABANS 2010  3  6  65   16.2   30.8 22.800  4.700    0.0  3.800 -999.9    330
SABANS 2010  3  7  66   16.0   29.2 26.600  5.100    0.0  2.500 -999.9    330
SABANS 2010  3  8  67   14.9   29.5 26.700  5.100    0.0  1.900 -999.9    330
SABANS 2010  3  9  68   15.2   30.3 25.500  4.800    0.0  0.700 -999.9    330
SABANS 2010  3 10  69   15.1   31.5 23.100  4.000    0.0  1.100 -999.9    330
SABANS 2010  3 11  70   16.5   32.4 23.000  5.400    0.0  1.800 -999.9    330
SABANS 2010  3 12  71   15.7   32.9 23.700  5.300    0.0  1.600 -999.9    330
SABANS 2010  3 13  72   17.0   30.4 25.200  4.700    1.9  0.900 -999.9    330
SABANS 2010  3 14  73   14.8   30.3 22.500  5.400    0.0  1.800 -999.9    330
SABANS 2010  3 15  74   15.5   29.7 18.800  5.000    0.0  4.300 -999.9    330
SABANS 2010  3 16  75   12.8   29.3 17.900  5.000    0.0  2.500 -999.9    330
SABANS 2010  3 17  76   14.1   26.6 18.900  5.000    0.0  2.900 -999.9    330
SABANS 2010  3 18  77   13.4   28.1 23.000  5.000    0.0  1.300 -999.9    330
SABANS 2010  3 19  78   14.5   29.6 14.600  5.200    0.0  2.100 -999.9    330
SABANS 2010  3 20  79   14.3   28.6 17.800  4.800   18.8  1.800 -999.9    330
SABANS 2010  3 21  80   13.9   26.6 14.900  4.200    0.0  1.500 -999.9    330
SABANS 2010  3 22  81   14.5   28.1 14.400  5.300    3.4  1.000 -999.9    330
SABANS 2010  3 23  82   13.4   27.2 20.600  4.400    3.1  1.400 -999.9    330
SABANS 2010  3 24  83   13.7   27.1 14.800  4.200    0.0  1.900 -999.9    330
SABANS 2010  3 25  84   16.2   25.6 20.600  3.800   16.3  1.600 -999.9    330
SABANS 2010  3 26  85   17.2   24.9 17.400  3.300   18.4  3.400 -999.9    330
SABANS 2010  3 27  86   12.6   21.7 15.600  3.600    6.3  3.700 -999.9    330
SABANS 2010  3 28  87    8.8   23.9 20.040  3.900    0.0  4.200 -999.9    330
SABANS 2010  3 29  88   10.7   27.0 21.870  4.000    0.0  2.600 -999.9    330
SABANS 2010  3 30  89   16.0   27.5 18.500  3.900    2.3  1.200 -999.9    330
SABANS 2010  3 31  90   16.6   22.0 15.800  2.600    0.0  1.300 -999.9    330
SABANS 2010  4  1  91   15.2   24.1 12.800  2.700    0.0  2.200 -999.9    330
SABANS 2010  4  2  92   13.6   27.6 18.800  3.400    0.0  2.600 -999.9    330
SABANS 2010  4  3  93   13.4   27.6 19.300  3.800    0.0  1.500 -999.9    330
SABANS 2010  4  4  94   14.1   28.1 24.740  4.200    5.3  1.000 -999.9    330
SABANS 2010  4  5  95   13.9   25.7 15.510  4.100   15.8  0.900 -999.9    330
SABANS 2010  4  6  96   14.2   23.7 13.900  3.000    0.0  2.000 -999.9    330
SABANS 2010  4  7  97   13.2   24.8 15.800  3.200    0.0  1.400 -999.9    330
SABANS 2010  4  8  98   10.1   26.0 15.800  3.600    0.0  1.000 -999.9    330
SABANS 2010  4  9  99   12.5   27.3 13.400  3.800    0.0  0.900 -999.9    330
SABANS 2010  4 10 100    8.8   24.8 21.600  3.500    0.0  2.800 -999.9    330
SABANS 2010  4 11 101    9.4   26.9 16.600  4.200    0.0  1.500 -999.9    330
SABANS 2010  4 12 102   11.4   27.5 17.500  3.400    0.0  1.600 -999.9    330
SABANS 2010  4 13 103   12.4   29.0 18.100  3.400    0.0  0.800 -999.9    330
SABANS 2010  4 14 104   12.4   28.9 21.400  3.700    0.0  0.900 -999.9    330
SABANS 2010  4 15 105   11.2   28.1 21.800  3.100    0.0  0.900 -999.9    330
SABANS 2010  4 16 106   14.1   22.5 19.500  2.400    0.0  0.900 -999.9    330
SABANS 2010  4 17 107   13.8   25.7 18.900  3.700    1.9  0.800 -999.9    330
SABANS 2010  4 18 108   13.5   24.9 17.400  3.000    4.2  1.800 -999.9    330
SABANS 2010  4 19 109   11.5   22.9 16.130  2.700    3.8  2.600 -999.9    330
SABANS 2010  4 20 110    5.3   19.7 16.600  2.900    0.0  2.600 -999.9    330
SABANS 2010  4 21 111    6.8   21.7 13.000  3.200    0.0  3.600 -999.9    330
SABANS 2010  4 22 112    4.8   20.5 13.600  3.400    0.0  3.100 -999.9    330
SABANS 2010  4 23 113    5.0   19.5 15.300  4.100    0.0  1.300 -999.9    330
SABANS 2010  4 24 114    7.9   19.4 13.320  2.500    0.0  0.800 -999.9    330
SABANS 2010  4 25 115    9.8   20.9 16.420  2.600    0.0  3.200 -999.9    330
SABANS 2010  4 26 116    8.6   18.7 27.310  2.000    0.0  1.200 -999.9    330
SABANS 2010  4 27 117    9.5   14.8 20.940  1.800    4.3  3.000 -999.9    330
SABANS 2010  4 28 118   10.8   20.5 14.400  1.900    4.4  2.000 -999.9    330
SABANS 2010  4 29 119    9.7   22.4 17.100  2.300    0.1  1.400 -999.9    330
SABANS 2010  4 30 120    9.8   24.3 15.400  2.900    0.0  1.200 -999.9    330
SABANS 2010  5  1 121   12.6   24.0 20.250  2.700    3.2  1.900 -999.9    330
SABANS 2010  5  2 122   11.7   23.2 13.800  2.500    0.0  1.000 -999.9    330
SABANS 2010  5  3 123   12.1   18.2 22.720  5.000   12.9  2.100 -999.9    330
SABANS 2010  5  4 124    9.4   21.6 14.200  2.200    0.1  4.300 -999.9    330
SABANS 2010  5  5 125    4.7   18.9 18.900  2.100    0.1  4.700 -999.9    330
SABANS 2010  5  6 126    4.9   21.0 18.800  2.500    0.0  2.300 -999.9    330
SABANS 2010  5  7 127    4.8   22.7 15.300  2.500    0.0  4.700 -999.9    330
SABANS 2010  5  8 128    9.7   27.3 16.400  4.000    0.0  2.600 -999.9    330
SABANS 2010  5  9 129    7.9   26.0 17.500  3.900    0.2  1.300 -999.9    330
SABANS 2010  5 10 130    3.5   19.0 14.600  2.200    0.0  3.300 -999.9    330
SABANS 2010  5 11 131    1.9   16.2 18.600  2.100    0.0  1.600 -999.9    330
SABANS 2010  5 12 132    2.5   19.1 18.500  2.200    0.0  0.800 -999.9    330
SABANS 2010  5 13 133    6.7   25.6 24.930  4.100    0.0  0.400 -999.9    330
SABANS 2010  5 14 134   10.6   25.4 17.100  2.900    0.0  1.600 -999.9    330
SABANS 2010  5 15 135   10.3   16.9 15.700  5.000    0.4  0.800 -999.9    330
SABANS 2010  5 16 136   11.4   22.8 14.500  2.900    2.2  2.300 -999.9    330
SABANS 2010  5 17 137    9.0   23.5 17.200  2.700    0.0  0.800 -999.9    330
SABANS 2010  5 18 138    7.7   23.0 17.400  2.100    0.0  1.300 -999.9    330
SABANS 2010  5 19 139    7.3   23.5 17.500  2.700    0.0  1.000 -999.9    330
SABANS 2010  5 20 140    8.4   23.5 17.400  3.000    0.0  1.400 -999.9    330
SABANS 2010  5 21 141    6.2   22.7 16.800  2.300    0.0  0.800 -999.9    330
SABANS 2010  5 22 142    6.0   22.3 16.900  2.300    0.0  1.000 -999.9    330
SABANS 2010  5 23 143    6.2   23.2 17.300  2.500    0.0  2.000 -999.9    330
SABANS 2010  5 24 144    4.3   22.7 17.100  2.200    0.0  1.400 -999.9    330
SABANS 2010  5 25 145    5.7   23.4 16.900  2.600    0.0  2.300 -999.9    330
SABANS 2010  5 26 146    7.8   23.9 16.700  2.900    0.0  1.300 -999.9    330
SABANS 2010  5 27 147    5.7   22.9 15.900  2.900    0.0  1.800 -999.9    330
SABANS 2010  5 28 148    1.8   14.3 15.600  2.700    0.7  0.800 -999.9    330
SABANS 2010  5 29 149    0.3   16.5 15.100  2.500    0.0  1.300 -999.9    330
SABANS 2010  5 30 150    0.7   18.8 18.430  2.800    0.0  0.800 -999.9    330
SABANS 2010  5 31 151    4.7   16.5 29.970  5.000    0.0  0.600 -999.9    330
SABANS 2010  6  1 152    1.7   18.1 16.200  1.800    0.0  1.300 -999.9    330
SABANS 2010  6  2 153    1.1   19.0 16.400  2.200    0.0  0.800 -999.9    330
SABANS 2010  6  3 154    1.1   18.0 16.500  2.100    0.0  2.300 -999.9    330
SABANS 2010  6  4 155    3.9   19.6 15.500  3.100    0.0  6.600 -999.9    330
SABANS 2010  6  5 156   -1.5   19.5 15.900  2.100    0.0  1.900 -999.9    330
SABANS 2010  6  6 157    1.6   22.8 15.800  2.500    0.0  0.900 -999.9    330
SABANS 2010  6  7 158    5.2   24.8 16.100  3.400    0.0  0.900 -999.9    330
SABANS 2010  6  8 159    6.4   18.4 15.900  2.900    0.0  1.000 -999.9    330
SABANS 2010  6  9 160    0.3   14.1 15.800  2.700    0.0  1.000 -999.9    330
SABANS 2010  6 10 161    2.6    9.5 13.100  5.000    5.7  1.200 -999.9    330
SABANS 2010  6 11 162    8.4   18.2 13.500  1.800    1.8  1.300 -999.9    330
SABANS 2010  6 12 163    5.6   19.9 14.200  2.000    0.0  2.200 -999.9    330
SABANS 2010  6 13 164    0.6   16.7 15.100  1.900    0.1  3.000 -999.9    330
SABANS 2010  6 14 165   -1.0   17.8 15.300  2.700    0.0  2.000 -999.9    330
SABANS 2010  6 15 166   -1.4    7.7 16.100  2.000    0.0  0.600 -999.9    330
SABANS 2010  6 16 167   -5.1    7.5 16.500  5.000    0.0  1.900 -999.9    330
SABANS 2010  6 17 168   -3.6   13.1 16.000  2.300    0.0  2.100 -999.9    330
SABANS 2010  6 18 169   -1.8   14.9 16.200  2.300    0.0  1.100 -999.9    330
SABANS 2010  6 19 170   -1.6   15.2 16.000  2.300    0.0  2.300 -999.9    330
SABANS 2010  6 20 171   -1.2   17.0 16.100  1.900    0.0  2.100 -999.9    330
SABANS 2010  6 21 172    0.8   19.3 15.900  2.500    0.0  1.200 -999.9    330
SABANS 2010  6 22 173   -0.7   19.9 15.400  2.900    0.0  1.000 -999.9    330
SABANS 2010  6 23 174   -3.3   15.0 14.800  5.000    0.0  1.800 -999.9    330
SABANS 2010  6 24 175   -1.6   17.7 14.600  2.000    0.0  3.900 -999.9    330
SABANS 2010  6 25 176   -0.9   21.7 15.000  5.000    0.0  2.100 -999.9    330
SABANS 2010  6 26 177   -0.7   22.4 15.100  2.100    0.0  1.700 -999.9    330
SABANS 2010  6 27 178    1.9   23.7 14.800  4.500    0.0  1.000 -999.9    330
SABANS 2010  6 28 179    7.2   18.4 28.690  3.000    0.0  3.800 -999.9    330
SABANS 2010  6 29 180    7.5   19.2 25.970  2.800    0.0  3.900 -999.9    330
SABANS 2010  6 30 181    4.6   19.5 12.800  2.200    0.0  5.000 -999.9    330
SABANS 2010  7  1 182    3.2   20.5 18.280  2.300    0.0  3.000 -999.9    330
SABANS 2010  7  2 183    4.6   19.6 13.590  2.300    0.0  1.800 -999.9    330
SABANS 2010  7  3 184   10.8   18.9 13.400  1.800    0.0  1.000 -999.9    330
SABANS 2010  7  4 185    6.2   20.0 12.800  2.200    0.0  1.200 -999.9    330
SABANS 2010  7  5 186    5.7   17.1 14.200  2.000    0.0  1.600 -999.9    330
SABANS 2010  7  6 187    4.2   21.5 14.100  2.300    0.0  1.600 -999.9    330
SABANS 2010  7  7 188    8.2   22.9 14.600  2.800    0.0  1.700 -999.9    330
SABANS 2010  7  8 189    5.7   19.1 13.100  2.800    0.0  2.900 -999.9    330
SABANS 2010  7  9 190    6.1   17.8 13.700  1.900    0.0  2.800 -999.9    330
SABANS 2010  7 10 191    5.4   21.2 16.300  3.000    0.0  1.100 -999.9    330
SABANS 2010  7 11 192    1.0   13.1 16.500  2.200    0.0  1.900 -999.9    330
SABANS 2010  7 12 193   -1.9   11.0 17.100  2.300    0.0  2.400 -999.9    330
SABANS 2010  7 13 194   -2.3   14.3 15.800  2.900    0.0  1.400 -999.9    330
SABANS 2010  7 14 195    3.6   16.2 16.700  3.300    0.0  3.700 -999.9    330
SABANS 2010  7 15 196   -2.5   11.5 15.100  2.200    0.0  1.600 -999.9    330
SABANS 2010  7 16 197   -4.5   12.2 17.600  1.900    0.0  1.800 -999.9    330
SABANS 2010  7 17 198   -3.6   18.1 17.600  2.300    0.0  2.600 -999.9    330
SABANS 2010  7 18 199   -0.3   20.8 17.300  3.600    0.0  2.500 -999.9    330
SABANS 2010  7 19 200   -0.2   20.3 17.200  2.700    0.0  2.800 -999.9    330
SABANS 2010  7 20 201   -0.8   21.4 16.900  2.900    0.0  3.100 -999.9    330
SABANS 2010  7 21 202    1.6   20.9 15.300  3.900    0.0  2.600 -999.9    330
SABANS 2010  7 22 203    4.4   19.9 15.400  3.400    0.0  1.900 -999.9    330
SABANS 2010  7 23 204    1.9   21.0 16.100  2.600    0.0  4.300 -999.9    330
SABANS 2010  7 24 205    6.7   21.3 15.900  3.200    0.0  2.100 -999.9    330
SABANS 2010  7 25 206    4.0   22.1 15.600  2.900    0.0  1.600 -999.9    330
SABANS 2010  7 26 207    5.0   22.9 14.600  3.500    0.0  2.400 -999.9    330
SABANS 2010  7 27 208    4.0   23.3 16.400  3.100    0.0  2.300 -999.9    330
SABANS 2010  7 28 209    2.4   24.0 17.000  3.300    0.0  1.800 -999.9    330
SABANS 2010  7 29 210    5.3   23.7 17.000  3.800    0.0  1.900 -999.9    330
SABANS 2010  7 30 211    7.1   18.6 16.000  3.100    0.0  3.300 -999.9    330
SABANS 2010  7 31 212    4.8   19.9 16.200  2.500    0.0  2.600 -999.9    330
SABANS 2010  8  1 213    4.5   21.1 17.900  2.400    0.0  2.000 -999.9    330
SABANS 2010  8  2 214    4.8   22.0 18.600  3.400    0.0  2.700 -999.9    330
SABANS 2010  8  3 215    5.0   22.9 18.600  3.400    0.0  2.300 -999.9    330
SABANS 2010  8  4 216    3.9   22.3 18.700  4.500    0.0  4.300 -999.9    330
SABANS 2010  8  5 217    4.0   22.0 18.400  3.400    0.0  1.800 -999.9    330
SABANS 2010  8  6 218    5.6   23.0 17.800  4.100    0.0  2.000 -999.9    330
SABANS 2010  8  7 219    5.2   21.9 18.200  3.800    0.0  2.500 -999.9    330
SABANS 2010  8  8 220    5.5   24.4 18.500  4.300    0.0  2.300 -999.9    330
SABANS 2010  8  9 221    0.0   12.0 18.400  3.000    0.0  4.200 -999.9    330
SABANS 2010  8 10 222   -0.1   14.9 19.600  3.900    0.0  4.500 -999.9    330
SABANS 2010  8 11 223    0.5   16.8 19.600  3.700    0.0  5.300 -999.9    330
SABANS 2010  8 12 224    1.6   16.3 19.900  2.900    0.0  3.300 -999.9    330
SABANS 2010  8 13 225   -0.7   19.2 19.900  2.200    0.0  4.400 -999.9    330
SABANS 2010  8 14 226   -0.3   22.0 20.300  3.000    0.0  3.000 -999.9    330
SABANS 2010  8 15 227   -0.1   22.8 20.800  3.500    0.0  3.000 -999.9    330
SABANS 2010  8 16 228    0.3   25.6 19.800  3.200    0.0  2.600 -999.9    330
SABANS 2010  8 17 229    5.6   24.0 19.900  4.500    0.0  1.600 -999.9    330
SABANS 2010  8 18 230    4.0   26.0 19.500  3.700    0.0  2.400 -999.9    330
SABANS 2010  8 19 231    0.0   19.7 18.800  4.100    0.0  3.700 -999.9    330
SABANS 2010  8 20 232   -3.7   19.6 13.500  3.800    0.0  2.000 -999.9    330
SABANS 2010  8 21 233    4.5   22.3 20.100  4.500    0.0  2.300 -999.9    330
SABANS 2010  8 22 234    6.4   21.8 20.700  4.100    0.0  3.700 -999.9    330
SABANS 2010  8 23 235   -3.1   15.3 19.600  2.600    0.0  5.000 -999.9    330
SABANS 2010  8 24 236   -1.0   21.0 18.200  4.100    0.0  1.800 -999.9    330
SABANS 2010  8 25 237    8.1   22.8 19.400  4.300    0.0  1.200 -999.9    330
SABANS 2010  8 26 238    2.8   22.5 20.100  5.000    0.0  1.900 -999.9    330
SABANS 2010  8 27 239   -3.6   20.8 19.600  2.800    0.0  2.400 -999.9    330
SABANS 2010  8 28 240    4.7   27.6 20.100  5.000    0.0  2.500 -999.9    330
SABANS 2010  8 29 241    7.5   29.3 20.100  5.100    0.0  3.200 -999.9    330
SABANS 2010  8 30 242   11.0   27.4 21.000  5.700    0.0  2.800 -999.9    330
SABANS 2010  8 31 243    8.3   27.2 22.000  5.100    0.0  1.900 -999.9    330
SABANS 2010  9  1 244    6.1   29.3 22.900  5.000    0.0  1.600 -999.9    330
SABANS 2010  9  2 245    4.0   25.0 23.000  5.100    0.0  3.000 -999.9    330
SABANS 2010  9  3 246   -1.6   23.7 22.000  4.100    0.0  4.900 -999.9    330
SABANS 2010  9  4 247    1.9   27.2 22.400  4.500    0.0  3.000 -999.9    330
SABANS 2010  9  5 248    3.2   29.6 23.400  4.600    0.0  4.300 -999.9    330
SABANS 2010  9  6 249    6.5   30.1 22.600  6.000    0.0  5.700 -999.9    330
SABANS 2010  9  7 250    5.7   25.6 21.600  3.800    0.0  8.300 -999.9    330
SABANS 2010  9  8 251    9.8   29.1 21.100  5.200    0.0  5.100 -999.9    330
SABANS 2010  9  9 252   10.8   20.3 21.400  2.500    0.0  2.600 -999.9    330
SABANS 2010  9 10 253    5.3   24.9 16.500  4.900    0.0  3.400 -999.9    330
SABANS 2010  9 11 254    5.1   25.8 13.700  4.500    0.0  3.000 -999.9    330
SABANS 2010  9 12 255    6.8   28.7 21.600  5.000    0.0  3.200 -999.9    330
SABANS 2010  9 13 256    8.6   30.1 24.400  4.900    0.0  3.000 -999.9    330
SABANS 2010  9 14 257    8.7   30.5 24.800  5.600    0.0  2.000 -999.9    330
SABANS 2010  9 15 258    8.0   30.9 25.600  6.700    0.0  3.400 -999.9    330
SABANS 2010  9 16 259    5.9   26.4 24.400  4.800    0.0  3.300 -999.9    330
SABANS 2010  9 17 260   12.3   30.0 22.400  7.400    0.0  2.600 -999.9    330
SABANS 2010  9 18 261   12.6   27.6 23.700  5.500    0.0  3.900 -999.9    330
SABANS 2010  9 19 262   15.0   29.7 25.000  5.000    0.1  4.900 -999.9    330
SABANS 2010  9 20 263    0.3   24.3 25.100  4.100    0.0  6.200 -999.9    330
SABANS 2010  9 21 264    6.0   17.3 22.000  3.100    0.0  2.000 -999.9    330
SABANS 2010  9 22 265   -3.0   14.6 26.100  3.700    0.0  1.800 -999.9    330
SABANS 2010  9 23 266   -3.5   16.8 23.800  4.200    0.0  1.600 -999.9    330
SABANS 2010  9 24 267   -3.5   16.2 23.900  4.800    0.0  2.800 -999.9    330
SABANS 2010  9 25 268   -3.2   19.2 23.600  5.300    0.0  2.700 -999.9    330
SABANS 2010  9 26 269   13.4   30.6 25.000  5.900    0.0  3.000 -999.9    330
SABANS 2010  9 27 270    8.8   22.7 18.700  4.700    0.0  2.400 -999.9    330
SABANS 2010  9 28 271    3.3   24.3 16.300  4.800    0.0  4.000 -999.9    330
SABANS 2010  9 29 272    9.9   25.8 24.200  5.000    0.0  6.500 -999.9    330
SABANS 2010  9 30 273   10.1   29.6 25.500  5.900    0.0  5.400 -999.9    330
SABANS 2010 10  1 274   15.2   31.5 25.600  6.400    0.0  3.000 -999.9    330
SABANS 2010 10  2 275   14.7   32.5 24.300  6.400    0.0  3.500 -999.9    330
SABANS 2010 10  3 276   14.2   32.6 23.600  6.900    0.0  1.400 -999.9    330
SABANS 2010 10  4 277    7.7   31.6 24.200  6.000    0.0  1.300 -999.9    330
SABANS 2010 10  5 278   14.5   29.8 23.400  6.000    0.6  1.800 -999.9    330
SABANS 2010 10  6 279   12.1   33.3 23.500  7.800    0.0  2.400 -999.9    330
SABANS 2010 10  7 280   14.4   31.7 24.400  7.100    4.0  1.700 -999.9    330
SABANS 2010 10  8 281   13.6   28.9 24.400  6.800    0.0  3.100 -999.9    330
SABANS 2010 10  9 282    7.6   31.6 24.900  6.400    0.0  2.300 -999.9    330
SABANS 2010 10 10 283    8.8   32.4 23.900  7.700    0.0  1.900 -999.9    330
SABANS 2010 10 11 284    4.8   24.6 26.500  6.000    0.0  2.800 -999.9    330
SABANS 2010 10 12 285    5.3   25.2 21.700  4.900    0.0  2.600 -999.9    330
SABANS 2010 10 13 286   14.0   22.0 17.000  3.900   14.3  2.600 -999.9    330
SABANS 2010 10 14 287    7.3   19.6 20.160  5.000    0.0  4.800 -999.9    330
SABANS 2010 10 15 288    7.1   19.4 19.700  4.500    0.1  2.700 -999.9    330
SABANS 2010 10 16 289    4.9   20.9 26.900  4.700    0.0  3.300 -999.9    330
SABANS 2010 10 17 290    9.2   25.7 21.600  6.300    0.0  3.100 -999.9    330
SABANS 2010 10 18 291   12.6   29.2 26.400  7.300    0.0  2.700 -999.9    330
SABANS 2010 10 19 292   11.5   28.1 23.000  6.400    0.0  2.800 -999.9    330
SABANS 2010 10 20 293    6.6   31.2 27.500  7.300    0.0  2.300 -999.9    330
SABANS 2010 10 21 294    8.7   31.2 27.400  6.300    0.0  2.300 -999.9    330
SABANS 2010 10 22 295   13.6   26.7 25.100  4.000    1.2  4.600 -999.9    330
SABANS 2010 10 23 296   12.4   25.9 17.800  4.900    4.2  2.200 -999.9    330
SABANS 2010 10 24 297   11.7   26.1 16.700  5.600    3.2  3.700 -999.9    330
SABANS 2010 10 25 298    3.4   20.9 28.500  5.300    0.0  5.000 -999.9    330
SABANS 2010 10 26 299    7.6   24.2 29.800  5.900    0.0  8.200 -999.9    330
SABANS 2010 10 27 300   11.6   28.5 26.900  7.300    0.3  2.700 -999.9    330
SABANS 2010 10 28 301    7.0   25.3 18.500  6.200    0.0  4.100 -999.9    330
SABANS 2010 10 29 302    9.8   27.3 19.500  6.200    0.0  3.700 -999.9    330
SABANS 2010 10 30 303    9.0   31.8 28.600  7.500    0.0  3.200 -999.9    330
SABANS 2010 10 31 304   14.9   32.3 21.400  7.900    0.0  5.500 -999.9    330
SABANS 2010 11  1 305   14.5   32.8 24.900  8.400    0.0  2.400 -999.9    330
SABANS 2010 11  2 306   15.4   33.0 28.800  9.600    0.9  2.300 -999.9    330
SABANS 2010 11  3 307   15.8   30.9 28.600  7.700    2.1  3.200 -999.9    330
SABANS 2010 11  4 308   13.6   28.7 24.300  6.200    0.0  2.600 -999.9    330
SABANS 2010 11  5 309   12.5   30.0 20.400  7.100    0.0  4.700 -999.9    330
SABANS 2010 11  6 310    9.9   29.6 28.800  7.400    0.0  3.000 -999.9    330
SABANS 2010 11  7 311   10.5   31.9 27.100  8.000    0.0  1.600 -999.9    330
SABANS 2010 11  8 312   14.9   34.3 25.800 10.100   12.0  3.200 -999.9    330
SABANS 2010 11  9 313   11.2   21.3 14.400  2.500   15.6  5.000 -999.9    330
SABANS 2010 11 10 314    9.7   21.8 21.500  5.000    0.1  4.200 -999.9    330
SABANS 2010 11 11 315   10.2   28.0 21.200  7.400    0.0  2.300 -999.9    330
SABANS 2010 11 12 316    8.5   27.8 28.200  7.500    0.0  2.200 -999.9    330
SABANS 2010 11 13 317    8.7   31.6 29.900  7.100    0.0  2.900 -999.9    330
SABANS 2010 11 14 318   16.5   33.8 17.000  9.200    0.0  2.600 -999.9    330
SABANS 2010 11 15 319   15.5   30.2 20.800  7.400    0.0  2.100 -999.9    330
SABANS 2010 11 16 320   14.7   25.6 25.700  3.600    6.3  2.400 -999.9    330
SABANS 2010 11 17 321   12.7   27.4 20.460  6.300    0.0  2.600 -999.9    330
SABANS 2010 11 18 322   13.8   25.7 23.840  5.100   10.6  3.200 -999.9    330
SABANS 2010 11 19 323   12.4   27.5 13.900  6.300    0.0  2.600 -999.9    330
SABANS 2010 11 20 324   15.5   33.5 27.500  7.400    0.0  2.800 -999.9    330
SABANS 2010 11 21 325   16.5   33.4 27.500  6.900    5.3  3.400 -999.9    330
SABANS 2010 11 22 326   15.5   33.2 16.700  8.800    1.0  2.800 -999.9    330
SABANS 2010 11 23 327   15.9   31.4 24.600  7.100    0.0  1.900 -999.9    330
SABANS 2010 11 24 328   15.9   31.1 13.700  7.700    0.0  2.000 -999.9    330
SABANS 2010 11 25 329   14.4   26.9 22.000  5.300    0.0  2.800 -999.9    330
SABANS 2010 11 26 330   14.6   30.3 14.900  7.200    4.4  3.100 -999.9    330
SABANS 2010 11 27 331   15.1   29.8 27.900  7.300    7.8  3.000 -999.9    330
SABANS 2010 11 28 332   13.3   33.5 28.400  8.400    0.1  2.100 -999.9    330
SABANS 2010 11 29 333   12.9   30.0 22.100  7.900    0.0  2.400 -999.9    330
SABANS 2010 11 30 334   13.3   31.8 13.900  8.200    0.0  2.500 -999.9    330
SABANS 2010 12  1 335   16.4   33.9 27.000  9.200    0.4  3.500 -999.9    330
SABANS 2010 12  2 336   16.5   29.9 26.900  7.500    1.1  1.900 -999.9    330
SABANS 2010 12  3 337   14.1   26.0 14.820  5.900   11.2  3.000 -999.9    330
SABANS 2010 12  4 338    9.6   28.4 28.900  6.900    0.0  3.600 -999.9    330
SABANS 2010 12  5 339   10.1   29.9 22.900  7.700    0.0  1.100 -999.9    330
SABANS 2010 12  6 340   11.8   28.5 21.500  8.200    0.0  2.100 -999.9    330
SABANS 2010 12  7 341   12.6   30.7 19.600  7.800    0.0  2.400 -999.9    330
SABANS 2010 12  8 342   15.0   32.9 24.400  8.600    0.0  3.300 -999.9    330
SABANS 2010 12  9 343   15.4   34.3 29.900  8.700    0.6  3.200 -999.9    330
SABANS 2010 12 10 344   14.7   33.7 29.700  8.300    0.5  2.500 -999.9    330
SABANS 2010 12 11 345   16.4   31.4 29.700  7.000    0.1  2.700 -999.9    330
SABANS 2010 12 12 346   14.1   28.6 28.100  6.200   15.2  3.300 -999.9    330
SABANS 2010 12 13 347   13.5   24.8 23.420  4.300    2.9  3.900 -999.9    330
SABANS 2010 12 14 348   14.5   27.3 18.100  6.000    8.7  3.000 -999.9    330
SABANS 2010 12 15 349   14.4   18.9 22.860  2.500    8.2  2.100 -999.9    330
SABANS 2010 12 16 350   16.1   26.9 13.100  6.400    4.6  2.700 -999.9    330
SABANS 2010 12 17 351   12.5   29.3 30.800  7.100    0.0  3.700 -999.9    330
SABANS 2010 12 18 352   16.5   32.8 24.200  8.600    0.0  3.100 -999.9    330
SABANS 2010 12 19 353   16.5   30.7 18.700  8.400    0.0  2.700 -999.9    330
SABANS 2010 12 20 354   14.6   28.9 26.400  7.100    0.0  2.000 -999.9    330
SABANS 2010 12 21 355   14.6   22.3 30.200  4.300   18.7  1.400 -999.9    330
SABANS 2010 12 22 356   14.5   31.2 26.900  7.400    0.0  2.800 -999.9    330
SABANS 2010 12 23 357   13.0   32.4 25.900  8.100    0.0  1.900 -999.9    330
SABANS 2010 12 24 358   12.1   31.6 15.800  7.900    0.0  2.200 -999.9    330
SABANS 2010 12 25 359   13.6   30.3 29.500  7.600    0.0  2.600 -999.9    330
SABANS 2010 12 26 360   15.0   30.4 21.300  7.800    0.0  2.300 -999.9    330
SABANS 2010 12 27 361   17.8   21.3 23.100  4.800    1.8  2.600 -999.9    330
SABANS 2010 12 28 362   16.2   33.4 28.400  8.700    0.1  3.800 -999.9    330
SABANS 2010 12 29 363   18.1   28.4 28.500  4.700    4.7  3.500 -999.9    330
SABANS 2010 12 30 364   16.4   28.1 19.600  6.600    0.8  2.700 -999.9    330
SABANS 2010 12 31 365   16.1   23.6 22.600  3.800   16.1  1.600 -999.9    330
