SABANS 2008  1  1   1   11.1   28.0 32.800  5.000    0.0  2.800 -999.9    330
SABANS 2008  1  2   2    9.5   30.0 30.000  5.000    0.0  2.900 -999.9    330
SABANS 2008  1  3   3    6.8   25.1 27.500  5.000    0.0  3.800 -999.9    330
SABANS 2008  1  4   4   13.3   25.0 18.350  5.000    0.0  3.300 -999.9    330
SABANS 2008  1  5   5   12.2   26.9 22.400  5.000   29.0  3.900 -999.9    330
SABANS 2008  1  6   6    9.3   23.6 23.000  5.000    8.0  2.700 -999.9    330
SABANS 2008  1  7   7   15.3   32.0 22.800  5.000    0.0  2.100 -999.9    330
SABANS 2008  1  8   8    6.5   32.2 23.600  5.000    0.0  2.100 -999.9    330
SABANS 2008  1  9   9    6.5   32.2 22.770  5.000    0.0  1.800 -999.9    330
SABANS 2008  1 10  10   13.3   31.7 13.950  5.000    0.0  1.700 -999.9    330
SABANS 2008  1 11  11    6.2   25.3 19.120  5.000    0.0  2.100 -999.9    330
SABANS 2008  1 12  12   -0.1   28.4 22.800  5.000    0.0  3.400 -999.9    330
SABANS 2008  1 13  13   12.7   31.5 29.300  5.000    0.0  2.300 -999.9    330
SABANS 2008  1 14  14   13.5   33.9 26.200  5.000    8.0  5.700 -999.9    330
SABANS 2008  1 15  15   11.5   31.2 23.300  5.000    0.0  6.800 -999.9    330
SABANS 2008  1 16  16    9.7   31.4 24.600  5.000    0.0  1.800 -999.9    330
SABANS 2008  1 17  17    4.4   25.6 16.600  5.000    0.0  1.400 -999.9    330
SABANS 2008  1 18  18   12.6   27.1 20.950  5.000    0.0  2.000 -999.9    330
SABANS 2008  1 19  19   11.5   29.8 12.900  5.000    0.0  3.200 -999.9    330
SABANS 2008  1 20  20   14.8   34.8 19.700  5.000    0.0  2.100 -999.9    330
SABANS 2008  1 21  21   17.7   36.1 18.460  5.000    0.0  1.900 -999.9    330
SABANS 2008  1 22  22   19.8   35.3 16.980  5.000    0.0  3.000 -999.9    330
SABANS 2008  1 23  23   11.0   36.1 22.480  5.000    0.0  2.800 -999.9    330
SABANS 2008  1 24  24   10.1   33.0 22.070  5.000    5.0  2.900 -999.9    330
SABANS 2008  1 25  25   11.3   34.1 16.600  5.000    0.0  3.100 -999.9    330
SABANS 2008  1 26  26   14.9   34.3 22.800  5.000    0.0  1.700 -999.9    330
SABANS 2008  1 27  27   18.8   29.2 27.400  5.000    0.0  2.900 -999.9    330
SABANS 2008  1 28  28   13.6   28.0 27.200  5.000    8.0  2.900 -999.9    330
SABANS 2008  1 29  29   15.7   30.2 26.200  5.000    0.0  1.900 -999.9    330
SABANS 2008  1 30  30   16.8   28.5 28.800  5.000   97.0  1.900 -999.9    330
SABANS 2008  1 31  31   14.2   35.2 30.800  5.000   20.0  1.600 -999.9    330
SABANS 2008  2  1  32   14.3   40.0 28.700  5.000    0.0  2.600 -999.9    330
SABANS 2008  2  2  33   16.7   30.8 24.500  5.000    0.0  1.600 -999.9    330
SABANS 2008  2  3  34   17.2   30.9 27.400  5.000    0.0  1.300 -999.9    330
SABANS 2008  2  4  35   15.9   32.5 22.300  5.000    0.0  2.000 -999.9    330
SABANS 2008  2  5  36   15.3   29.6 24.200  5.000    0.0  3.300 -999.9    330
SABANS 2008  2  6  37   10.3   29.0 28.400  5.000    0.0  2.800 -999.9    330
SABANS 2008  2  7  38   13.4   33.0 28.200  5.000    0.0  4.100 -999.9    330
SABANS 2008  2  8  39   13.4   34.0 28.200  5.000    0.0  2.100 -999.9    330
SABANS 2008  2  9  40   15.4   35.0 22.200  5.000    0.0  1.400 -999.9    330
SABANS 2008  2 10  41   16.4   31.8 29.100  5.000   11.0  2.300 -999.9    330
SABANS 2008  2 11  42   14.2   29.7 25.800  5.000    2.0  2.600 -999.9    330
SABANS 2008  2 12  43   15.0   30.4 24.600  5.000    1.0  3.300 -999.9    330
SABANS 2008  2 13  44   13.9   28.9 16.400  5.000    0.0  3.100 -999.9    330
SABANS 2008  2 14  45   12.2   28.6 24.700  5.000    0.0  0.900 -999.9    330
SABANS 2008  2 15  46    8.2   27.3 27.700  5.000    0.0  3.100 -999.9    330
SABANS 2008  2 16  47   13.6   27.1 28.900  5.000    0.0  4.200 -999.9    330
SABANS 2008  2 17  48   12.2   27.4 29.200  5.000    0.0  1.700 -999.9    330
SABANS 2008  2 18  49   13.4   29.0 29.400  5.000    0.0  1.300 -999.9    330
SABANS 2008  2 19  50   15.6   29.1 28.400  5.000    0.0  1.800 -999.9    330
SABANS 2008  2 20  51   18.5   28.4 28.100  5.000    0.8  1.400 -999.9    330
SABANS 2008  2 21  52   17.9   31.5 27.100  5.000    5.0  0.700 -999.9    330
SABANS 2008  2 22  53   18.1   27.4 27.600  5.000    3.0  0.800 -999.9    330
SABANS 2008  2 23  54   12.6   32.2 27.300  5.000    0.0  0.800 -999.9    330
SABANS 2008  2 24  55   14.2   31.7 23.600  5.000    0.0  1.500 -999.9    330
SABANS 2008  2 25  56   13.9   29.3 18.100  5.000    9.0  3.600 -999.9    330
SABANS 2008  2 26  57   13.5   28.3 20.300  5.000    2.0  3.800 -999.9    330
SABANS 2008  2 27  58   13.2   25.1 17.600  5.000   10.0  3.100 -999.9    330
SABANS 2008  2 28  59   17.2   28.9 21.600  5.000    2.0  1.300 -999.9    330
SABANS 2008  2 29  60   15.1   24.6 16.200  5.000    8.0  1.200 -999.9    330
SABANS 2008  3  1  61   15.7   28.2 19.900  5.000    0.0  1.200 -999.9    330
SABANS 2008  3  2  62   15.7   28.4 23.300  5.000    0.0  1.300 -999.9    330
SABANS 2008  3  3  63   15.8   28.7 25.000  5.000    0.0  0.600 -999.9    330
SABANS 2008  3  4  64   18.1   30.3 23.300  5.000    0.8  0.800 -999.9    330
SABANS 2008  3  5  65   17.3   31.4 25.100  5.000    0.2  1.500 -999.9    330
SABANS 2008  3  6  66   13.7   29.5 24.700  5.000    0.0  0.700 -999.9    330
SABANS 2008  3  7  67   16.8   31.6 22.400  5.000    0.0  0.500 -999.9    330
SABANS 2008  3  8  68   16.8   31.6 22.200  5.000    0.0  1.700 -999.9    330
SABANS 2008  3  9  69   17.1   31.5 23.900  5.000    0.0  0.900 -999.9    330
SABANS 2008  3 10  70   17.1   31.5 23.800  5.000    0.0  2.100 -999.9    330
SABANS 2008  3 11  71   17.2   34.4 20.900  5.000    0.0  0.600 -999.9    330
SABANS 2008  3 12  72   17.2   34.4 20.600  5.000    0.0  1.000 -999.9    330
SABANS 2008  3 13  73   17.2   34.4 13.300  5.000    0.0  0.900 -999.9    330
SABANS 2008  3 14  74   17.2   34.4 15.000  5.000    0.0  3.500 -999.9    330
SABANS 2008  3 15  75   15.8   34.4 13.200  5.000    0.0  1.500 -999.9    330
SABANS 2008  3 16  76   14.0   32.6 11.760  5.000    2.0  1.100 -999.9    330
SABANS 2008  3 17  77   15.8   30.2 13.340  5.000    5.0  0.700 -999.9    330
SABANS 2008  3 18  78   14.5   32.5 22.420  5.000    3.0  2.100 -999.9    330
SABANS 2008  3 19  79   14.7   36.4 14.100  5.000   10.0  4.500 -999.9    330
SABANS 2008  3 20  80   16.9   30.0 21.600  5.000    0.0  4.600 -999.9    330
SABANS 2008  3 21  81   15.0   26.0 22.600  5.000    0.0  4.400 -999.9    330
SABANS 2008  3 22  82   16.0   23.1 21.100  5.000    0.4  3.200 -999.9    330
SABANS 2008  3 23  83   12.3   22.7 18.100  5.000    0.0  2.000 -999.9    330
SABANS 2008  3 24  84   11.7   26.8 23.200  5.000    0.2  1.500 -999.9    330
SABANS 2008  3 25  85   11.7   37.4 22.300  5.000    0.0  0.400 -999.9    330
SABANS 2008  3 26  86   14.9   32.7 22.300  5.000    0.0  0.400 -999.9    330
SABANS 2008  3 27  87   14.1   31.8 20.900  5.000    0.0  0.500 -999.9    330
SABANS 2008  3 28  88   15.0   31.8 22.400  5.000    0.0  0.700 -999.9    330
SABANS 2008  3 29  89   15.0   31.8 20.200  5.000    0.0  0.800 -999.9    330
SABANS 2008  3 30  90   13.6   30.1 17.300  5.000    0.0  0.800 -999.9    330
SABANS 2008  3 31  91   13.6   33.0 19.200  5.000    2.0  2.600 -999.9    330
SABANS 2008  4  1  92   14.6   31.4 18.700  5.000    0.0  3.700 -999.9    330
SABANS 2008  4  2  93   14.9   31.3 14.800  5.000    3.0  1.800 -999.9    330
SABANS 2008  4  3  94   14.5   32.5 17.300  5.000    0.2  2.800 -999.9    330
SABANS 2008  4  4  95   14.5   30.8 20.900  5.000    0.4  3.900 -999.9    330
SABANS 2008  4  5  96   15.2   30.0 20.200  1.700    0.2  5.600 -999.9    330
SABANS 2008  4  6  97   13.7   25.9 19.200  1.700   14.0  2.500 -999.9    330
SABANS 2008  4  7  98   11.9   27.5 19.300  1.700    3.0  1.800 -999.9    330
SABANS 2008  4  8  99    7.2   28.1 19.900  1.700    0.0  1.100 -999.9    330
SABANS 2008  4  9 100    7.2   31.3 18.400  1.700    0.0  0.600 -999.9    330
SABANS 2008  4 10 101   10.3   32.9 19.800  1.700    0.0  1.200 -999.9    330
SABANS 2008  4 11 102   14.3   32.0 19.300  1.700   14.0  0.800 -999.9    330
SABANS 2008  4 12 103   14.3   32.6 16.400  1.700    2.0  0.700 -999.9    330
SABANS 2008  4 13 104   15.4   32.2 13.100  1.800    0.0  0.800 -999.9    330
SABANS 2008  4 14 105   15.4   33.1 17.400  1.800    0.0  1.400 -999.9    330
SABANS 2008  4 15 106   15.1   28.2 17.200  1.800    7.0  1.000 -999.9    330
SABANS 2008  4 16 107   15.1   26.3 19.300  1.800    0.0  0.400 -999.9    330
SABANS 2008  4 17 108   13.1   26.9 21.100  1.800    0.0  1.300 -999.9    330
SABANS 2008  4 18 109   13.1   28.2 21.100  1.800    0.0  0.700 -999.9    330
SABANS 2008  4 19 110   14.0   30.0 19.700  1.800    0.0  1.100 -999.9    330
SABANS 2008  4 20 111   13.3   30.0 13.600  1.800    0.0  0.800 -999.9    330
SABANS 2008  4 21 112    9.9   28.8 15.400  1.900    0.0  1.200 -999.9    330
SABANS 2008  4 22 113    9.9   26.8 21.700  1.900    0.0  0.900 -999.9    330
SABANS 2008  4 23 114   10.7   28.7 21.000  1.900    0.0  2.200 -999.9    330
SABANS 2008  4 24 115   13.4   25.3 20.400  1.900    0.2  2.400 -999.9    330
SABANS 2008  4 25 116    5.0   20.5 19.900  1.900    2.0  6.300 -999.9    330
SABANS 2008  4 26 117    5.0   25.0 19.900  1.900    0.0  1.200 -999.9    330
SABANS 2008  4 27 118    9.8   12.8 19.100  1.900   18.0  4.300 -999.9    330
SABANS 2008  4 28 119    7.4   21.7 18.000  1.900    0.0  1.200 -999.9    330
SABANS 2008  4 29 120    7.4   24.6 17.400  2.000    0.0  0.700 -999.9    330
SABANS 2008  4 30 121    8.8   27.4 17.400  2.000    0.0  1.300 -999.9    330
SABANS 2008  5  1 122   11.7   27.2 24.430  2.000   38.0  1.300 -999.9    330
SABANS 2008  5  2 123   10.7   24.2 24.630  2.000   19.0  5.800 -999.9    330
SABANS 2008  5  3 124    9.8   24.6 13.300  2.000    0.2  1.300 -999.9    330
SABANS 2008  5  4 125    9.8   26.3 21.790  2.000    0.0  0.900 -999.9    330
SABANS 2008  5  5 126   10.4   28.6 18.900  2.000    0.0  0.900 -999.9    330
SABANS 2008  5  6 127   10.9   29.2 19.200  2.000    4.0  1.300 -999.9    330
SABANS 2008  5  7 128   12.8   27.6 18.900  2.100    0.0  1.400 -999.9    330
SABANS 2008  5  8 129   11.5   28.2 18.100  2.100    0.0  2.400 -999.9    330
SABANS 2008  5  9 130   11.5   28.9 18.100  2.100    0.0  2.400 -999.9    330
SABANS 2008  5 10 131   10.2   27.9 17.500  2.100    0.0  0.400 -999.9    330
SABANS 2008  5 11 132    8.9   27.5 17.400  2.100    0.0  1.000 -999.9    330
SABANS 2008  5 12 133    7.7   27.7 18.500  2.100    0.0  1.200 -999.9    330
SABANS 2008  5 13 134    7.7   28.2 18.200  2.100    0.0  2.600 -999.9    330
SABANS 2008  5 14 135   10.4   27.7 17.400  2.100    0.0  1.000 -999.9    330
SABANS 2008  5 15 136    9.0   28.3 16.000  2.200    0.0  0.700 -999.9    330
SABANS 2008  5 16 137    9.0   26.6 17.000  2.200    4.0  0.600 -999.9    330
SABANS 2008  5 17 138    2.2   23.0 15.900  2.200    2.0  0.600 -999.9    330
SABANS 2008  5 18 139    2.2   22.0 14.200  2.200    0.0  1.000 -999.9    330
SABANS 2008  5 19 140    7.7   22.4 13.800  2.200    0.0  1.100 -999.9    330
SABANS 2008  5 20 141    7.8   21.4 14.500  2.400    0.0  1.100 -999.9    330
SABANS 2008  5 21 142   11.1   12.7 14.700  5.000    1.5  1.100 -999.9    330
SABANS 2008  5 22 143    7.4   22.0 14.000  2.500    0.0  1.100 -999.9    330
SABANS 2008  5 23 144    9.8   21.2 14.500  2.700    0.2  2.000 -999.9    330
SABANS 2008  5 24 145    8.5   16.4 15.400  2.100    7.2  1.800 -999.9    330
SABANS 2008  5 25 146    9.1   12.6 13.500  5.000   13.2  2.800 -999.9    330
SABANS 2008  5 26 147    8.2   14.2 16.060  5.000    1.7  1.200 -999.9    330
SABANS 2008  5 27 148    8.0   20.4 23.660  2.500    0.0  2.400 -999.9    330
SABANS 2008  5 28 149    9.3   21.6 15.000  2.400    0.0  5.900 -999.9    330
SABANS 2008  5 29 150    8.4   18.9 15.700  1.700    0.1  1.400 -999.9    330
SABANS 2008  5 30 151    9.9   21.1 15.700  2.400    0.2  2.000 -999.9    330
SABANS 2008  5 31 152    5.1   17.1 15.900  1.800    0.0  1.300 -999.9    330
SABANS 2008  6  1 153    2.1   19.1 15.500  2.000    0.0  0.900 -999.9    330
SABANS 2008  6  2 154    8.2   19.0 15.200  2.000    1.4  0.900 -999.9    330
SABANS 2008  6  3 155    6.9   16.0 14.900  5.000   10.5  1.400 -999.9    330
SABANS 2008  6  4 156    2.5   13.0 21.480  5.000    0.2  1.500 -999.9    330
SABANS 2008  6  5 157    0.1   15.4 16.700  5.000    0.1  2.100 -999.9    330
SABANS 2008  6  6 158    0.5   16.6 16.400  5.000    0.1  2.400 -999.9    330
SABANS 2008  6  7 159    2.8   19.0 16.600  2.100    0.0  6.600 -999.9    330
SABANS 2008  6  8 160    3.3   16.1 15.400  2.200    0.0  6.000 -999.9    330
SABANS 2008  6  9 161    3.7   17.5 13.100  2.600    0.0  3.300 -999.9    330
SABANS 2008  6 10 162    4.6   16.3 13.980  2.600    0.0  2.000 -999.9    330
SABANS 2008  6 11 163    6.4   19.8 14.900  3.100    0.0  1.200 -999.9    330
SABANS 2008  6 12 164    3.0   19.8 15.600  2.100    0.0  2.300 -999.9    330
SABANS 2008  6 13 165    3.8   20.8 15.500  2.100    0.0  2.400 -999.9    330
SABANS 2008  6 14 166    4.5   20.4 15.500  2.400    0.0  1.000 -999.9    330
SABANS 2008  6 15 167    4.1   20.4 15.600  2.400    0.0  2.800 -999.9    330
SABANS 2008  6 16 168    5.0    6.6 15.300  5.000    0.2  4.100 -999.9    330
SABANS 2008  6 17 169    2.3   23.8 19.810  2.800    0.0  4.100 -999.9    330
SABANS 2008  6 18 170   10.2   19.9 20.860  4.400    0.1  2.200 -999.9    330
SABANS 2008  6 19 171    9.8   17.4 14.700  2.900    0.3  1.200 -999.9    330
SABANS 2008  6 20 172    4.2   16.1 14.800  1.800    8.1  0.800 -999.9    330
SABANS 2008  6 21 173    2.2   14.3 20.490  5.000    0.1  1.200 -999.9    330
SABANS 2008  6 22 174    4.9   15.4 13.500  5.000    0.1  0.800 -999.9    330
SABANS 2008  6 23 175    3.3   16.4 14.500  5.000    0.0  0.900 -999.9    330
SABANS 2008  6 24 176    2.7    4.9 15.000  5.000    0.4  2.400 -999.9    330
SABANS 2008  6 25 177    3.5   19.1 14.900  2.100    0.1  4.400 -999.9    330
SABANS 2008  6 26 178    2.9    4.8 15.700  5.000    0.4  1.900 -999.9    330
SABANS 2008  6 27 179    3.4    5.4 16.000  5.000    0.5  4.100 -999.9    330
SABANS 2008  6 28 180    5.5    8.5 15.700  5.000    0.3  6.000 -999.9    330
SABANS 2008  6 29 181   -0.7    0.2 15.200  5.000    0.3  2.600 -999.9    330
SABANS 2008  6 30 182    1.3    2.2 14.700  5.000    0.4  1.200 -999.9    330
SABANS 2008  7  1 183    2.3    3.4 15.700  5.000    0.5  1.200 -999.9    330
SABANS 2008  7  2 184    2.9    4.0 15.800  5.000    0.3  1.800 -999.9    330
SABANS 2008  7  3 185    6.1    6.9 15.800  1.900    0.5  1.800 -999.9    330
SABANS 2008  7  4 186    5.6   17.7 14.600  1.700   22.0  0.900 -999.9    330
SABANS 2008  7  5 187    7.7   12.6 16.400  5.000    8.0  0.900 -999.9    330
SABANS 2008  7  6 188    2.3   11.5 16.800  5.000    0.1  1.200 -999.9    330
SABANS 2008  7  7 189    1.7   17.5 16.800  3.200    0.0  1.500 -999.9    330
SABANS 2008  7  8 190    1.9   21.5 16.100  4.700    0.0  2.600 -999.9    330
SABANS 2008  7  9 191    4.3   20.5 15.300  3.200    0.2  3.000 -999.9    330
SABANS 2008  7 10 192   -4.1   10.3 16.200  1.700    0.2  2.700 -999.9    330
SABANS 2008  7 11 193    1.5    6.9 14.520  1.700    0.5  2.900 -999.9    330
SABANS 2008  7 12 194   -0.5   19.7 22.740  5.000    0.0  5.700 -999.9    330
SABANS 2008  7 13 195    2.7    5.8 18.790  5.000    0.5  2.800 -999.9    330
SABANS 2008  7 14 196    4.1   19.2 14.000  2.800    0.1  3.300 -999.9    330
SABANS 2008  7 15 197    6.4   22.1 16.700  3.200    0.0  1.300 -999.9    330
SABANS 2008  7 16 198    3.1   19.3 16.500  2.000    0.0  3.800 -999.9    330
SABANS 2008  7 17 199    4.8   21.1 15.600  2.900    0.0  2.500 -999.9    330
SABANS 2008  7 18 200    6.0   17.6 16.500  2.400    0.0  2.100 -999.9    330
SABANS 2008  7 19 201    6.6   20.0 16.900  2.000    0.1  2.400 -999.9    330
SABANS 2008  7 20 202    3.3   20.2 16.700  2.300    0.0  3.600 -999.9    330
SABANS 2008  7 21 203    6.4    7.9 16.800  5.000    0.3  1.800 -999.9    330
SABANS 2008  7 22 204    1.1   19.8 17.000  2.200    0.0  1.100 -999.9    330
SABANS 2008  7 23 205    5.8   21.2 17.000  3.200    0.2  1.600 -999.9    330
SABANS 2008  7 24 206    5.9    7.2 15.200  1.800    0.4  1.800 -999.9    330
SABANS 2008  7 25 207    5.7    6.8 16.300  5.000    0.5  1.600 -999.9    330
SABANS 2008  7 26 208    5.9    7.0 16.500  1.900    0.3  1.600 -999.9    330
SABANS 2008  7 27 209   -1.6   20.4 16.000  1.700    0.0  2.500 -999.9    330
SABANS 2008  7 28 210    2.2    3.7 17.900  5.000    0.3  3.100 -999.9    330
SABANS 2008  7 29 211    5.8   19.8 17.100  2.400    0.0  2.300 -999.9    330
SABANS 2008  7 30 212    7.6   17.4 18.000  3.300    1.0  4.700 -999.9    330
SABANS 2008  7 31 213    4.4   23.4 18.500  4.200    0.2  6.400 -999.9    330
SABANS 2008  8  1 214    3.9   20.2 18.600  3.100    0.4  3.200 -999.9    330
SABANS 2008  8  2 215    4.7   20.9 17.700  3.300    0.2  1.200 -999.9    330
SABANS 2008  8  3 216   -1.4   17.5 17.600  3.700    0.0  1.300 -999.9    330
SABANS 2008  8  4 217    7.0   22.0 16.100  4.100    0.1  2.800 -999.9    330
SABANS 2008  8  5 218    3.5   21.8 17.400  3.000    0.0  3.100 -999.9    330
SABANS 2008  8  6 219    6.3    7.2 17.400  2.100    0.7  3.700 -999.9    330
SABANS 2008  8  7 220    7.8   23.3 18.600  4.000    0.2  2.600 -999.9    330
SABANS 2008  8  8 221    8.7   23.3 18.300  3.700    0.2  1.300 -999.9    330
SABANS 2008  8  9 222    6.1   20.1 18.500  4.700    0.2  4.600 -999.9    330
SABANS 2008  8 10 223    1.0   20.2 18.200  3.800    0.0  8.100 -999.9    330
SABANS 2008  8 11 224    4.0   20.9 19.100  4.000    0.1  3.500 -999.9    330
SABANS 2008  8 12 225    3.5   21.5 19.400  3.700    0.0  5.100 -999.9    330
SABANS 2008  8 13 226    3.3   23.1 19.900  4.000    0.0  3.000 -999.9    330
SABANS 2008  8 14 227    6.3   25.2 19.900  4.300    0.0  2.100 -999.9    330
SABANS 2008  8 15 228    9.9   26.6 19.500  6.700    0.0  4.100 -999.9    330
SABANS 2008  8 16 229    6.5   18.5 19.000  4.200    0.2  2.400 -999.9    330
SABANS 2008  8 17 230    9.4   20.2 13.000  4.000    0.3  4.900 -999.9    330
SABANS 2008  8 18 231   -1.9   21.8 15.660  3.800    0.0  2.800 -999.9    330
SABANS 2008  8 19 232   -7.5   10.1 19.650  3.700    0.0  3.000 -999.9    330
SABANS 2008  8 20 233   12.5   25.4 17.700  3.500    0.2  3.400 -999.9    330
SABANS 2008  8 21 234   14.1   24.5 19.300  3.500    0.8  3.200 -999.9    330
SABANS 2008  8 22 235   16.9   27.3 19.000  5.200    0.2  3.000 -999.9    330
SABANS 2008  8 23 236   11.3   28.4 19.900  4.900    0.0  3.200 -999.9    330
SABANS 2008  8 24 237    9.8   27.0 20.900  5.500    0.0  1.800 -999.9    330
SABANS 2008  8 25 238    2.9   20.2 21.600  3.700    0.0  4.300 -999.9    330
SABANS 2008  8 26 239   -2.7   18.4 21.000  3.100    0.0  3.700 -999.9    330
SABANS 2008  8 27 240    7.5   23.9 20.400  4.900    0.1  4.800 -999.9    330
SABANS 2008  8 28 241    5.4   22.1 18.700  4.800    0.0  3.200 -999.9    330
SABANS 2008  8 29 242   -1.3   20.3 20.600  3.500    0.0  5.500 -999.9    330
SABANS 2008  8 30 243    2.1   17.8 18.200  4.100    0.0  6.500 -999.9    330
SABANS 2008  8 31 244   -0.8   21.0 21.700  3.500    0.0  1.700 -999.9    330
SABANS 2008  9  1 245    0.9   15.6 23.900  2.900    0.2  2.900 -999.9    330
SABANS 2008  9  2 246    2.5   24.4 22.800  5.500    0.1  3.100 -999.9    330
SABANS 2008  9  3 247    0.7   23.2 21.800  3.800    0.0  3.000 -999.9    330
SABANS 2008  9  4 248    2.9   28.5 21.700  6.200    0.0  3.000 -999.9    330
SABANS 2008  9  5 249    2.5   25.3 21.600  5.200    0.0  3.000 -999.9    330
SABANS 2008  9  6 250    6.6   26.6 22.900  5.800    0.0  3.000 -999.9    330
SABANS 2008  9  7 251    8.4   30.1 21.700  6.000    0.2  0.900 -999.9    330
SABANS 2008  9  8 252    5.1   31.3 23.400  6.200    0.0  1.900 -999.9    330
SABANS 2008  9  9 253    9.4   28.9 21.900  6.300    0.0  2.600 -999.9    330
SABANS 2008  9 10 254    7.4   20.3 22.300  4.400    0.3  3.200 -999.9    330
SABANS 2008  9 11 255    5.5   21.0 16.600  4.800    0.2  3.800 -999.9    330
SABANS 2008  9 12 256   12.3   23.4 14.410  5.000    0.1  2.000 -999.9    330
SABANS 2008  9 13 257   13.6   25.3 22.800  6.100    0.1  2.400 -999.9    330
SABANS 2008  9 14 258   15.3   26.0 25.300  6.900    0.1  2.300 -999.9    330
SABANS 2008  9 15 259   11.0   27.9 25.500  6.100    0.0  3.300 -999.9    330
SABANS 2008  9 16 260    3.6   19.5 24.900  4.800    0.0  1.600 -999.9    330
SABANS 2008  9 17 261    1.7   23.3 24.000  4.900    0.0  2.400 -999.9    330
SABANS 2008  9 18 262   10.6   27.3 22.700  6.000    0.1  2.000 -999.9    330
SABANS 2008  9 19 263   11.0   20.1 23.600  3.800    0.0  2.400 -999.9    330
SABANS 2008  9 20 264   -4.0   20.4 20.000  3.700    0.0  2.800 -999.9    330
SABANS 2008  9 21 265    5.4   19.2 26.000  3.600    0.1  3.300 -999.9    330
SABANS 2008  9 22 266    3.4   24.8 26.000  5.100    0.0  3.200 -999.9    330
SABANS 2008  9 23 267    4.9   30.0 26.700  8.400    0.0  2.700 -999.9    330
SABANS 2008  9 24 268    6.9   20.8 26.700  4.100    0.2  4.500 -999.9    330
SABANS 2008  9 25 269    9.0   23.1 20.200  5.000    0.0  4.400 -999.9    330
SABANS 2008  9 26 270    1.3   23.1 22.900  5.400    0.0  3.800 -999.9    330
SABANS 2008  9 27 271    7.4   21.0 26.000  5.300    0.3  3.700 -999.9    330
SABANS 2008  9 28 272   12.5   24.7 18.700  4.900    0.1  2.700 -999.9    330
SABANS 2008  9 29 273   15.6   29.2 26.400  6.800    0.1  1.900 -999.9    330
SABANS 2008  9 30 274   10.7   25.7 26.000  6.900    0.1  3.000 -999.9    330
SABANS 2008 10  1 275    3.1   28.5 23.500  5.900    0.0  2.600 -999.9    330
SABANS 2008 10  2 276    5.9   25.8 20.900  6.100    0.0  5.100 -999.9    330
SABANS 2008 10  3 277    8.7   25.1 23.300  4.900    0.0  3.400 -999.9    330
SABANS 2008 10  4 278   15.8   28.0 22.600  4.500    0.0  4.800 -999.9    330
SABANS 2008 10  5 279   -2.9   19.9 21.500  4.900    0.0  6.200 -999.9    330
SABANS 2008 10  6 280   -3.2   18.3 17.400  5.200    0.0  2.200 -999.9    330
SABANS 2008 10  7 281   -2.7   23.3 20.900  5.600    0.0  4.700 -999.9    330
SABANS 2008 10  8 282    9.1   21.1 20.500  5.900    0.1  3.700 -999.9    330
SABANS 2008 10  9 283   11.4   23.2 18.900  5.800    0.0  2.400 -999.9    330
SABANS 2008 10 10 284    4.8   27.0 28.200  6.100    0.0  4.900 -999.9    330
SABANS 2008 10 11 285   12.0   29.9 28.500  6.600    0.1  3.700 -999.9    330
SABANS 2008 10 12 286   10.5   33.0 28.400  6.800    0.0  2.200 -999.9    330
SABANS 2008 10 13 287   11.9   34.9 27.900  8.100    0.0  2.600 -999.9    330
SABANS 2008 10 14 288    9.9   33.8 26.900  7.100    0.0  3.000 -999.9    330
SABANS 2008 10 15 289   19.7   32.9 27.300  8.500    0.2  2.800 -999.9    330
SABANS 2008 10 16 290   17.7   31.4 27.300  6.700    0.1  3.500 -999.9    330
SABANS 2008 10 17 291   17.8   30.4 26.700  7.500    0.2  4.600 -999.9    330
SABANS 2008 10 18 292   19.7   33.1 24.100  8.200    0.1  2.700 -999.9    330
SABANS 2008 10 19 293   20.4   32.5 25.900  6.000    0.1  2.700 -999.9    330
SABANS 2008 10 20 294   20.2   33.4 23.800  8.500    0.1  2.100 -999.9    330
SABANS 2008 10 21 295   20.8   32.7 26.500  8.000    0.1  3.600 -999.9    330
SABANS 2008 10 22 296   11.5   28.8 26.800  7.700    0.0  4.300 -999.9    330
SABANS 2008 10 23 297    0.0   22.6 15.900  7.500    0.0  4.900 -999.9    330
SABANS 2008 10 24 298   15.8   28.7 21.000  7.300    0.1  2.400 -999.9    330
SABANS 2008 10 25 299    6.7   25.8 18.100  5.600    0.0  4.100 -999.9    330
SABANS 2008 10 26 300   14.8   15.2 24.200  3.900    1.6  3.900 -999.9    330
SABANS 2008 10 27 301   -3.1   19.6 25.400  4.000    0.0  3.300 -999.9    330
SABANS 2008 10 28 302   18.4   28.4 21.600  4.000    0.0  3.400 -999.9    330
SABANS 2008 10 29 303    2.2   26.6 27.500  3.800    0.0  2.100 -999.9    330
SABANS 2008 10 30 304    2.6   19.5 28.400  3.500    0.0  1.900 -999.9    330
SABANS 2008 10 31 305   -1.2   16.7 24.800  3.300    0.0  1.400 -999.9    330
SABANS 2008 11  1 306   -1.2   18.5 29.400  3.100    0.0  1.300 -999.9    330
SABANS 2008 11  2 307   -0.3   24.2 24.100  2.800    0.0  2.200 -999.9    330
SABANS 2008 11  3 308    0.9   29.2 27.300  2.600    0.0  3.000 -999.9    330
SABANS 2008 11  4 309    2.6   20.3 25.800  2.400    0.0  3.900 -999.9    330
SABANS 2008 11  5 310    0.9   22.8 18.000  2.100    0.0  2.500 -999.9    330
SABANS 2008 11  6 311    0.9   22.8 27.900  1.900    0.0  4.300 -999.9    330
SABANS 2008 11  7 312   -0.3   20.8 28.460  1.700    0.0  1.200 -999.9    330
SABANS 2008 11  8 313   -0.3   24.0 20.280  5.000    0.0  2.300 -999.9    330
SABANS 2008 11  9 314    8.0   28.4 18.340  5.000    0.0  2.300 -999.9    330
SABANS 2008 11 10 315    2.1   25.5 16.400  5.000    0.0  4.800 -999.9    330
SABANS 2008 11 11 316    2.1   27.7 26.390  5.000    0.0  5.100 -999.9    330
SABANS 2008 11 12 317    3.8   25.5 14.200  5.000    0.0  4.300 -999.9    330
SABANS 2008 11 13 318    5.0   24.7 16.900  5.000    0.0  2.800 -999.9    330
SABANS 2008 11 14 319   17.2   26.2 23.300  5.000    0.0  3.400 -999.9    330
SABANS 2008 11 15 320   12.8   26.1 29.700  5.000    0.0  3.500 -999.9    330
SABANS 2008 11 16 321   13.1   27.9 20.800  5.000    0.0  4.500 -999.9    330
SABANS 2008 11 17 322   13.8   30.8 27.200  5.000    0.0  4.000 -999.9    330
SABANS 2008 11 18 323   13.6   31.3 22.300  5.000    0.0  3.000 -999.9    330
SABANS 2008 11 19 324   13.4   30.6 15.200  5.000    0.0  2.900 -999.9    330
SABANS 2008 11 20 325   15.0   29.0 17.500  5.000    0.0  2.500 -999.9    330
SABANS 2008 11 21 326   15.3   27.5 17.900  2.000    0.0  3.900 -999.9    330
SABANS 2008 11 22 327    5.7   32.3 26.300  1.900    0.0  2.600 -999.9    330
SABANS 2008 11 23 328    9.0   34.5 21.600  1.800    0.0  2.800 -999.9    330
SABANS 2008 11 24 329    9.0   33.1 25.400  1.700    0.0  2.700 -999.9    330
SABANS 2008 11 25 330   10.3   32.1 28.000  5.000    0.0  3.700 -999.9    330
SABANS 2008 11 26 331    9.0   31.0 23.300  5.000    1.0  3.000 -999.9    330
SABANS 2008 11 27 332    9.0   30.0 28.600  5.000    0.0  3.200 -999.9    330
SABANS 2008 11 28 333   11.6   32.4 30.100  5.000    0.0  2.800 -999.9    330
SABANS 2008 11 29 334   12.8   32.1 30.700  5.000    1.0  1.900 -999.9    330
SABANS 2008 11 30 335   12.7   32.9 24.700  5.000    0.0  2.400 -999.9    330
SABANS 2008 12  1 336   11.6   32.3 19.300  5.000    0.0  2.900 -999.9    330
SABANS 2008 12  2 337    7.3   29.2 27.800  5.000    0.0  2.300 -999.9    330
SABANS 2008 12  3 338    7.3   30.2 23.700  5.000    0.0  3.100 -999.9    330
SABANS 2008 12  4 339    9.3   28.7 23.300  5.000    0.0  3.600 -999.9    330
SABANS 2008 12  5 340    9.3   26.8 27.100  5.000    0.0  2.400 -999.9    330
SABANS 2008 12  6 341   11.7   29.8 18.100  5.000   10.0  1.800 -999.9    330
SABANS 2008 12  7 342   11.7   28.7 23.200  5.000    0.0  1.800 -999.9    330
SABANS 2008 12  8 343   11.7   28.5 27.800  5.000    0.0  2.800 -999.9    330
SABANS 2008 12  9 344    8.2   32.0 29.500  5.000    0.0  2.800 -999.9    330
SABANS 2008 12 10 345    7.6   30.6 28.200  5.000    0.0  2.200 -999.9    330
SABANS 2008 12 11 346    7.6   32.6 29.400  5.000    0.0  2.200 -999.9    330
SABANS 2008 12 12 347    7.6   34.6 24.100  5.000    0.0  5.100 -999.9    330
SABANS 2008 12 13 348   19.3   32.3 24.700  5.000    0.0  3.900 -999.9    330
SABANS 2008 12 14 349   16.6   32.0 26.500  5.000    0.0  4.800 -999.9    330
SABANS 2008 12 15 350   17.3   33.9 13.300  5.000    0.0  5.300 -999.9    330
SABANS 2008 12 16 351   10.8   33.1 12.800  5.000    0.0  4.100 -999.9    330
SABANS 2008 12 17 352   10.8   34.8 29.700  5.000    0.0  2.700 -999.9    330
SABANS 2008 12 18 353   11.3   30.9 30.900  5.000    0.0  3.000 -999.9    330
SABANS 2008 12 19 354   17.2   19.3 31.800  5.000    0.0  4.100 -999.9    330
SABANS 2008 12 20 355   12.9   26.2 29.600  2.900   25.0  3.800 -999.9    330
SABANS 2008 12 21 356   19.7   33.3 30.600  5.900   19.9  2.800 -999.9    330
SABANS 2008 12 22 357   13.6   27.0 31.000  6.000   14.0  2.200 -999.9    330
SABANS 2008 12 23 358   13.7   26.7 27.800  6.100   32.0  2.700 -999.9    330
SABANS 2008 12 24 359   12.6   26.5 20.300  6.100    0.2  2.400 -999.9    330
SABANS 2008 12 25 360   10.6   26.2 19.400  6.200    0.0  2.800 -999.9    330
SABANS 2008 12 26 361   10.6   27.8 24.000  6.300    0.0  2.300 -999.9    330
SABANS 2008 12 27 362   18.0   23.4 28.500  6.400    0.1  3.500 -999.9    330
SABANS 2008 12 28 363   11.6   30.4 26.690  6.500    0.0  2.800 -999.9    330
SABANS 2008 12 29 364   11.6   29.9 17.400  6.600    0.0  1.400 -999.9    330
SABANS 2008 12 30 365   17.8   27.8 23.000  6.600    0.3  2.400 -999.9    330
SABANS 2008 12 31 366   17.9   22.8 27.100  7.200    0.7  2.600 -999.9    330
SABANS 2009  1  1   1   16.6   17.8 22.500  5.300    2.1  3.600 -999.9    330
SABANS 2009  1  2   2   14.9   26.7 27.000  5.200    0.0  3.000 -999.9    330
SABANS 2009  1  3   3   11.5   31.6 21.400  5.100    0.0  3.700 -999.9    330
SABANS 2009  1  4   4   11.5   32.2 30.200  5.100    0.0  2.400 -999.9    330
SABANS 2009  1  5   5   12.5   33.3 26.900  5.000    0.0  3.800 -999.9    330
SABANS 2009  1  6   6   13.4   32.6 30.500  4.900    0.0  2.300 -999.9    330
SABANS 2009  1  7   7   15.5   29.1 28.800  4.900    3.0  2.400 -999.9    330
SABANS 2009  1  8   8   15.7   23.4 28.400  4.800    3.0  1.100 -999.9    330
SABANS 2009  1  9   9   14.5   26.2 24.300  4.700   15.0  2.300 -999.9    330
SABANS 2009  1 10  10   14.2   28.1 18.670  4.700    0.0  2.600 -999.9    330
SABANS 2009  1 11  11    9.3   23.6 15.700  4.600    8.0  3.500 -999.9    330
SABANS 2009  1 12  12    9.3   27.4 13.300  4.500    0.0  1.300 -999.9    330
SABANS 2009  1 13  13   12.9   29.7 13.500  4.400    5.0  2.600 -999.9    330
SABANS 2009  1 14  14   10.8   25.2 23.100  4.400    0.0  3.700 -999.9    330
SABANS 2009  1 15  15   11.3   27.4 26.100  4.300    0.0  2.300 -999.9    330
SABANS 2009  1 16  16   14.9   29.1 26.600  4.200    0.0  1.700 -999.9    330
SABANS 2009  1 17  17   12.3   25.3 25.900  4.200    4.0  1.800 -999.9    330
SABANS 2009  1 18  18   14.2   24.8 22.800  4.100    7.0  1.800 -999.9    330
SABANS 2009  1 19  19   13.3   24.1 20.800  4.000    0.0  2.100 -999.9    330
SABANS 2009  1 20  20   10.5   24.8 23.100  3.900    0.0  1.500 -999.9    330
SABANS 2009  1 21  21   12.6   28.4 20.400  3.900    0.0  2.100 -999.9    330
SABANS 2009  1 22  22   16.5   27.2 18.800  3.800    0.0  3.100 -999.9    330
SABANS 2009  1 23  23   13.0   28.9 19.400  5.900    0.2  2.400 -999.9    330
SABANS 2009  1 24  24   14.2   31.8 19.200  6.800    0.0  4.600 -999.9    330
SABANS 2009  1 25  25   13.2   33.0 21.800  6.100    2.9  3.500 -999.9    330
SABANS 2009  1 26  26   17.2   21.7 25.000  2.000    3.6  3.400 -999.9    330
SABANS 2009  1 27  27   16.4   25.2 24.000  3.600    0.0  1.000 -999.9    330
SABANS 2009  1 28  28   14.8   19.5 18.100  5.000   25.5  1.200 -999.9    330
SABANS 2009  1 29  29   14.8   23.2 16.600  3.200    1.5  1.800 -999.9    330
SABANS 2009  1 30  30   15.9   30.2 20.800  5.600    0.0  4.900 -999.9    330
SABANS 2009  1 31  31   16.8   31.6 16.900  6.600    0.0  2.900 -999.9    330
SABANS 2009  2  1  32   17.3   31.3 21.700  6.200    3.3  2.400 -999.9    330
SABANS 2009  2  2  33   17.9   29.5 23.800  5.200    0.0  1.300 -999.9    330
SABANS 2009  2  3  34   18.0   32.7 24.100  7.600    0.0  1.200 -999.9    330
SABANS 2009  2  4  35   15.5   30.8 27.260  6.700    0.0  2.300 -999.9    330
SABANS 2009  2  5  36   15.4   27.4 21.990  5.000    1.7  1.400 -999.9    330
SABANS 2009  2  6  37   16.1   30.1 28.200  6.100    0.0  1.400 -999.9    330
SABANS 2009  2  7  38   16.6   29.4 29.800  4.900    3.2  1.400 -999.9    330
SABANS 2009  2  8  39   17.4   30.0 28.200  4.800    0.0  2.100 -999.9    330
SABANS 2009  2  9  40   16.8   30.6 21.200  4.900    2.9  1.800 -999.9    330
SABANS 2009  2 10  41   17.7   29.2 18.100  5.300    0.0  1.100 -999.9    330
SABANS 2009  2 11  42   16.0   23.6 31.100  2.700    2.0  1.700 -999.9    330
SABANS 2009  2 12  43   14.0   16.4 18.200  5.000    9.3  1.000 -999.9    330
SABANS 2009  2 13  44   14.2   21.0 26.700  1.900    4.6  1.600 -999.9    330
SABANS 2009  2 14  45   16.6   25.1 26.900  3.400    0.9  4.000 -999.9    330
SABANS 2009  2 15  46   14.2   26.0 24.900  3.300   18.4  2.000 -999.9    330
SABANS 2009  2 16  47   10.7   25.7 24.100  5.100    0.0  1.300 -999.9    330
SABANS 2009  2 17  48   12.5   31.0 20.300  5.600    0.0  0.800 -999.9    330
SABANS 2009  2 18  49   15.8   28.6 23.800  3.900    0.3  1.200 -999.9    330
SABANS 2009  2 19  50   17.5   24.7 25.600  2.600    3.3  2.600 -999.9    330
SABANS 2009  2 20  51   18.4   28.3 25.100  4.400    4.6  1.600 -999.9    330
SABANS 2009  2 21  52   18.1   27.7 23.800  4.200    0.0  2.200 -999.9    330
SABANS 2009  2 22  53   17.4   24.0 23.400  2.400    1.1  1.600 -999.9    330
SABANS 2009  2 23  54   16.7   26.5 19.100  4.800    0.0  1.200 -999.9    330
SABANS 2009  2 24  55   15.9   26.2 20.290  4.500    0.0  0.800 -999.9    330
SABANS 2009  2 25  56   16.2   27.7 16.200  3.400    1.8  1.400 -999.9    330
SABANS 2009  2 26  57   17.4   28.6 22.700  3.800    1.1  0.500 -999.9    330
SABANS 2009  2 27  58   17.0   27.0 17.800  3.600    9.4  1.400 -999.9    330
SABANS 2009  2 28  59   17.0   28.1 17.970  4.500    0.0  2.400 -999.9    330
SABANS 2009  3  1  60   14.8   28.8 15.300  5.100    0.0  6.400 -999.9    330
SABANS 2009  3  2  61   15.8   28.5 20.800  4.900    0.0  3.000 -999.9    330
SABANS 2009  3  3  62   15.3   30.1 23.800  5.100    0.1  0.900 -999.9    330
SABANS 2009  3  4  63   13.9   29.7 24.900  4.700    0.0  0.400 -999.9    330
SABANS 2009  3  5  64   13.5   28.0 23.600  5.000    0.0  0.600 -999.9    330
SABANS 2009  3  6  65   14.6   28.5 27.100  4.500    0.0  1.500 -999.9    330
SABANS 2009  3  7  66   15.0   29.8 24.700  4.700    0.0  1.600 -999.9    330
SABANS 2009  3  8  67   11.7   30.1 20.500  4.500    0.0  1.400 -999.9    330
SABANS 2009  3  9  68   15.9   29.0 19.100  4.200    7.9  2.200 -999.9    330
SABANS 2009  3 10  69   14.5   26.5 23.560  3.700    0.0  1.000 -999.9    330
SABANS 2009  3 11  70   13.8   28.6 13.700  4.000    0.0  1.500 -999.9    330
SABANS 2009  3 12  71   14.9   28.7 20.900  4.800    0.0  3.800 -999.9    330
SABANS 2009  3 13  72   15.8   22.9 21.500  2.600    3.3  3.400 -999.9    330
SABANS 2009  3 14  73   14.5   24.3 16.100  2.000    7.3  4.300 -999.9    330
SABANS 2009  3 15  74   15.1   25.8 16.900  3.800    0.0  2.600 -999.9    330
SABANS 2009  3 16  75   13.8   27.6 19.900  3.800    0.0  1.100 -999.9    330
SABANS 2009  3 17  76   12.1   26.9 20.900  4.700    0.0  1.200 -999.9    330
SABANS 2009  3 18  77    7.7   26.4 14.200  4.500    0.0  0.900 -999.9    330
SABANS 2009  3 19  78   11.3   24.4 14.200  3.100    0.0  0.700 -999.9    330
SABANS 2009  3 20  79   10.1   25.9 14.100  4.500    0.0  1.900 -999.9    330
SABANS 2009  3 21  80    9.3   27.2 20.100  4.300    0.0  1.600 -999.9    330
SABANS 2009  3 22  81    9.0   28.3 21.600  4.400    0.0  1.600 -999.9    330
SABANS 2009  3 23  82   10.4   29.6 23.300  3.900    0.0  2.100 -999.9    330
SABANS 2009  3 24  83   10.8   29.0 21.300  4.200    1.6  1.000 -999.9    330
SABANS 2009  3 25  84   14.7   30.1 20.700  4.400    0.0  1.000 -999.9    330
SABANS 2009  3 26  85   12.5   30.4 21.600  4.100    0.0  1.900 -999.9    330
SABANS 2009  3 27  86   13.5   31.3 23.300  4.800    0.0  2.100 -999.9    330
SABANS 2009  3 28  87   14.7   31.2 24.200  4.700    0.0  1.600 -999.9    330
SABANS 2009  3 29  88   16.2   30.9 24.000  5.100    0.0  2.100 -999.9    330
SABANS 2009  3 30  89   15.9   28.7 20.900  4.300    0.0  1.000 -999.9    330
SABANS 2009  3 31  90   13.1   30.4 21.200  3.400    0.0  1.200 -999.9    330
SABANS 2009  4  1  91   14.7   29.5 19.800  4.600    0.0  2.100 -999.9    330
SABANS 2009  4  2  92   13.8   29.1 20.900  4.100   10.7  1.200 -999.9    330
SABANS 2009  4  3  93   14.0   26.9 20.200  3.600    0.0  2.600 -999.9    330
SABANS 2009  4  4  94   13.5   26.4 23.400  3.600    0.0  2.800 -999.9    330
SABANS 2009  4  5  95   13.5   27.9 21.300  3.300    0.0  3.600 -999.9    330
SABANS 2009  4  6  96   13.1   28.8 20.200  3.500    0.0  3.200 -999.9    330
SABANS 2009  4  7  97   11.6   28.4 17.900  3.800    0.0  3.000 -999.9    330
SABANS 2009  4  8  98   13.1   26.2 22.300  3.800    1.7  1.600 -999.9    330
SABANS 2009  4  9  99   13.2   25.7 20.400  3.200    0.0  1.500 -999.9    330
SABANS 2009  4 10 100   12.3   28.3 20.400  3.700    0.0  2.400 -999.9    330
SABANS 2009  4 11 101   12.1   28.4 20.400  4.400    0.0  1.600 -999.9    330
SABANS 2009  4 12 102    8.6   29.6 20.100  4.700    0.0  0.600 -999.9    330
SABANS 2009  4 13 103   10.4   27.1 21.300  4.200    0.0  2.100 -999.9    330
SABANS 2009  4 14 104    9.1   27.7 14.000  4.200    0.0  3.400 -999.9    330
SABANS 2009  4 15 105    9.1   27.9 15.100  3.400    0.0  1.900 -999.9    330
SABANS 2009  4 16 106   10.4   28.2 21.600  3.900    0.0  1.100 -999.9    330
SABANS 2009  4 17 107   10.6   27.8 21.400  3.800    0.0  0.600 -999.9    330
SABANS 2009  4 18 108    9.4   26.7 20.900  3.500    0.0  1.900 -999.9    330
SABANS 2009  4 19 109    7.9   27.5 20.600  3.900    0.0  2.100 -999.9    330
SABANS 2009  4 20 110    6.4   24.9 18.600  4.300    0.0  4.900 -999.9    330
SABANS 2009  4 21 111    8.0   22.1 17.270  4.000    0.1  3.500 -999.9    330
SABANS 2009  4 22 112    9.9   22.2 13.600  4.100    0.0  3.300 -999.9    330
SABANS 2009  4 23 113   10.2   20.5 19.000  3.000    0.0  0.600 -999.9    330
SABANS 2009  4 24 114   12.0   23.5 18.200  3.500    5.9  1.000 -999.9    330
SABANS 2009  4 25 115    9.3   21.3 18.500  3.600    1.5  1.100 -999.9    330
SABANS 2009  4 26 116    3.9   18.0 17.900  2.400    0.0  1.000 -999.9    330
SABANS 2009  4 27 117    5.0   21.7 20.700  2.600    0.0  0.800 -999.9    330
SABANS 2009  4 28 118    5.1   24.6 20.100  3.100    0.0  2.600 -999.9    330
SABANS 2009  4 29 119   10.7   25.2 19.800  3.300    0.3  7.900 -999.9    330
SABANS 2009  4 30 120    7.8   19.8 19.200  2.700    1.1  4.300 -999.9    330
SABANS 2009  5  1 121    4.3   20.5 15.400  2.500    0.0  2.200 -999.9    330
SABANS 2009  5  2 122    4.8   21.7 15.480  2.900    0.0  1.700 -999.9    330
SABANS 2009  5  3 123    7.8   22.1 12.420  2.800    6.2  0.900 -999.9    330
SABANS 2009  5  4 124   11.2   21.7 14.600  2.700    6.3  0.500 -999.9    330
SABANS 2009  5  5 125   11.6   19.2 17.500  2.300    9.4  0.500 -999.9    330
SABANS 2009  5  6 126    9.2   21.7 15.000  2.300    0.0  0.800 -999.9    330
SABANS 2009  5  7 127    7.0   21.0 19.000  2.500    0.1  0.500 -999.9    330
SABANS 2009  5  8 128    7.1   20.2 16.000  2.700    0.0  0.800 -999.9    330
SABANS 2009  5  9 129    6.8   19.8 18.910  2.600    0.0  1.800 -999.9    330
SABANS 2009  5 10 130    6.4   20.2 14.000  2.500    0.0  0.700 -999.9    330
SABANS 2009  5 11 131    6.5   21.3 15.700  2.700    0.0  1.000 -999.9    330
SABANS 2009  5 12 132    9.5   30.2 16.200  2.800    0.0  0.800 -999.9    330
SABANS 2009  5 13 133    8.7   22.1 16.200  2.900    0.0  1.400 -999.9    330
SABANS 2009  5 14 134    8.3   21.9 16.900  2.900    0.0  2.700 -999.9    330
SABANS 2009  5 15 135    9.9   21.7 17.600  3.000    2.1  1.000 -999.9    330
SABANS 2009  5 16 136    7.3   21.0 11.230 89.000    5.1  2.900 -999.9    330
SABANS 2009  5 17 137    2.1   12.2 17.700  2.000    0.0  1.300 -999.9    330
SABANS 2009  5 18 138    0.4   17.8 17.900  1.700    0.0  3.400 -999.9    330
SABANS 2009  5 19 139    2.5   21.3 17.400  1.700    0.0  4.000 -999.9    330
SABANS 2009  5 20 140    4.4   22.2 15.400  2.400    0.0  2.300 -999.9    330
SABANS 2009  5 21 141    9.0   20.2 26.460  2.700    0.0  1.200 -999.9    330
SABANS 2009  5 22 142    7.0   22.2 14.000  2.300    0.0  1.000 -999.9    330
SABANS 2009  5 23 143    6.8   22.9 16.700  2.000    0.0  1.600 -999.9    330
SABANS 2009  5 24 144    7.1   21.7 14.700  1.900    0.0  1.200 -999.9    330
SABANS 2009  5 25 145    5.8   22.7 16.800  2.500    0.0  1.800 -999.9    330
SABANS 2009  5 26 146    3.7   22.5 16.600  2.300    0.0  3.200 -999.9    330
SABANS 2009  5 27 147    2.0   21.9 16.400  1.800    0.0  1.200 -999.9    330
SABANS 2009  5 28 148    3.9   23.0 15.600  2.000    0.0  2.100 -999.9    330
SABANS 2009  5 29 149    1.5   19.7 15.900  2.900    0.0  1.400 -999.9    330
SABANS 2009  5 30 150    3.0   12.1 16.400  5.000    0.0  0.900 -999.9    330
SABANS 2009  5 31 151    4.5   14.3 16.900  1.800    0.0  0.900 -999.9    330
SABANS 2009  6  1 152    1.6   16.5 16.800  5.000    0.0  0.900 -999.9    330
SABANS 2009  6  2 153    1.6   19.8 16.200  2.000    0.0  0.900 -999.9    330
SABANS 2009  6  3 154    1.1   18.8 15.900  1.800    0.0  1.000 -999.9    330
SABANS 2009  6  4 155    3.7   19.1 15.800  1.800    0.0  1.400 -999.9    330
SABANS 2009  6  5 156    2.7   20.2 16.000  1.900    0.0  1.000 -999.9    330
SABANS 2009  6  6 157    6.2   19.5 13.800  2.100    0.0  0.800 -999.9    330
SABANS 2009  6  7 158    6.3   17.5 20.390  1.700    0.0  2.800 -999.9    330
SABANS 2009  6  8 159    6.8   12.6 13.120  1.700    0.0  0.800 -999.9    330
SABANS 2009  6  9 160    4.6   16.9 17.510  2.600    0.0  1.400 -999.9    330
SABANS 2009  6 10 161    7.7   11.5 26.140  5.000    7.2  1.600 -999.9    330
SABANS 2009  6 11 162    9.1   14.5 21.030  5.000    1.4  2.300 -999.9    330
SABANS 2009  6 12 163    5.8   17.3 29.500  5.000    0.0  1.800 -999.9    330
SABANS 2009  6 13 164    6.5   19.9 14.900  2.400    6.0  1.700 -999.9    330
SABANS 2009  6 14 165    3.9   15.4 13.800  5.000    0.6  1.800 -999.9    330
SABANS 2009  6 15 166    3.8   20.6 13.700  2.500    0.0  3.500 -999.9    330
SABANS 2009  6 16 167    9.0   19.7 14.100  1.900    0.0  1.600 -999.9    330
SABANS 2009  6 17 168    7.1   20.0 13.000  2.000    0.0  1.200 -999.9    330
SABANS 2009  6 18 169    6.2   20.4 12.800  1.900    0.0  1.600 -999.9    330
SABANS 2009  6 19 170    7.3   20.0 20.680  2.400    0.0  2.300 -999.9    330
SABANS 2009  6 20 171    6.7   17.4 15.150  5.000    0.0  2.800 -999.9    330
SABANS 2009  6 21 172    9.5   19.1 14.000  2.200    0.1  1.300 -999.9    330
SABANS 2009  6 22 173    8.7   19.4 15.200  2.300    4.2  1.200 -999.9    330
SABANS 2009  6 23 174    5.3   12.2 20.930  1.700    0.1  2.000 -999.9    330
SABANS 2009  6 24 175    0.8    9.8 16.100  1.800    0.0  1.400 -999.9    330
SABANS 2009  6 25 176    2.4   10.7 16.200  1.900    0.0  2.500 -999.9    330
SABANS 2009  6 26 177    3.5    9.3 16.500  5.000    0.0  4.100 -999.9    330
SABANS 2009  6 27 178    1.3   14.5 15.900  5.000    0.0  3.700 -999.9    330
SABANS 2009  6 28 179    2.0   15.5 16.300  2.200    0.0  4.600 -999.9    330
SABANS 2009  6 29 180    1.3   16.8 16.200  2.700    0.0  2.400 -999.9    330
SABANS 2009  6 30 181    1.8   14.7 14.800  2.000    0.0  1.900 -999.9    330
SABANS 2009  7  1 182    0.3   16.1 15.600  1.800    0.0  1.900 -999.9    330
SABANS 2009  7  2 183    0.1   15.7 16.100  2.100    0.0  2.600 -999.9    330
SABANS 2009  7  3 184    0.4   16.4 16.000  5.000    0.0  2.400 -999.9    330
SABANS 2009  7  4 185    1.2   16.7 18.950  2.900    0.0  2.900 -999.9    330
SABANS 2009  7  5 186    2.8   14.8 23.530  1.900    0.0  3.600 -999.9    330
SABANS 2009  7  6 187    0.2   16.4 12.900  1.800    0.0  2.400 -999.9    330
SABANS 2009  7  7 188    0.1   17.9 15.600  1.700    0.0  1.300 -999.9    330
SABANS 2009  7  8 189    1.6   18.0 16.100  2.500    0.0  1.900 -999.9    330
SABANS 2009  7  9 190    1.8   17.8 16.500  2.100    0.0  2.300 -999.9    330
SABANS 2009  7 10 191    1.7   18.6 16.400  2.400    0.0  1.000 -999.9    330
SABANS 2009  7 11 192    4.2   20.1 16.300  3.200    0.0  3.300 -999.9    330
SABANS 2009  7 12 193    0.3   11.8 15.900  5.000    0.4  4.900 -999.9    330
SABANS 2009  7 13 194    1.3   15.6 13.800  2.200    0.1  0.800 -999.9    330
SABANS 2009  7 14 195    1.1    9.8 16.500  5.000    0.0  3.200 -999.9    330
SABANS 2009  7 15 196    5.2   10.8 16.200  1.700    0.0  1.000 -999.9    330
SABANS 2009  7 16 197    5.5   15.1 16.500  1.900    0.0  2.300 -999.9    330
SABANS 2009  7 17 198    0.2   18.2 17.000  2.700    0.0  1.900 -999.9    330
SABANS 2009  7 18 199    0.6   17.9 17.400  2.400    0.0  1.500 -999.9    330
SABANS 2009  7 19 200    0.6   18.6 17.500  2.400    0.0  2.000 -999.9    330
SABANS 2009  7 20 201    0.9   17.8 17.600  3.000    0.0  2.300 -999.9    330
SABANS 2009  7 21 202    0.4   17.6 17.300  2.300    0.0  3.100 -999.9    330
SABANS 2009  7 22 203    0.4   17.4 16.800  2.500    0.0  2.900 -999.9    330
SABANS 2009  7 23 204    0.2   10.1 16.500  2.400    0.0  1.600 -999.9    330
SABANS 2009  7 24 205    0.8   11.7 14.700  2.600    0.0  4.300 -999.9    330
SABANS 2009  7 25 206    2.6   14.1 18.000  2.100    0.0  4.500 -999.9    330
SABANS 2009  7 26 207    2.8   17.7 18.000  2.200    0.0  5.500 -999.9    330
SABANS 2009  7 27 208    0.7   18.5 18.000  2.600    0.0  3.000 -999.9    330
SABANS 2009  7 28 209    0.0   17.5 18.100  2.900    0.0  3.000 -999.9    330
SABANS 2009  7 29 210    1.3   18.7 18.000  2.700    0.0  1.800 -999.9    330
SABANS 2009  7 30 211    5.0   18.8 17.800  2.600    0.0  3.100 -999.9    330
SABANS 2009  7 31 212    7.0   13.6 17.700  5.000    9.5  2.700 -999.9    330
SABANS 2009  8  1 213    6.6    9.3  6.640  5.000    7.7  4.700 -999.9    330
SABANS 2009  8  2 214    4.9   17.4 13.700  2.500    0.2  1.100 -999.9    330
SABANS 2009  8  3 215    3.8   17.8 14.800  2.000    0.0  1.800 -999.9    330
SABANS 2009  8  4 216    4.5   20.1 18.500  2.900    0.0  4.500 -999.9    330
SABANS 2009  8  5 217    7.1   21.8 18.800  3.300    0.0  1.400 -999.9    330
SABANS 2009  8  6 218    2.6   21.6 18.300  2.700    0.0  1.600 -999.9    330
SABANS 2009  8  7 219    4.8   22.8 16.800  4.100    0.0  3.300 -999.9    330
SABANS 2009  8  8 220    8.4   22.9 18.400  3.400    0.0  2.100 -999.9    330
SABANS 2009  8  9 221    8.9   22.4 17.200  3.200    0.0  3.200 -999.9    330
SABANS 2009  8 10 222    6.7   23.8 18.400  3.100    0.0  4.900 -999.9    330
SABANS 2009  8 11 223    6.8   25.3 18.900  3.400    0.0  2.300 -999.9    330
SABANS 2009  8 12 224    5.0   23.2 18.800  5.000    0.0  1.800 -999.9    330
SABANS 2009  8 13 225    1.7   13.9 20.400  2.400    0.0  3.200 -999.9    330
SABANS 2009  8 14 226    0.2   19.3 15.700  3.000    0.0  1.700 -999.9    330
SABANS 2009  8 15 227    3.9   21.1 19.400  3.000    0.0  2.100 -999.9    330
SABANS 2009  8 16 228    5.5   22.4 18.900  4.400    0.0  3.200 -999.9    330
SABANS 2009  8 17 229    7.4   20.1 18.600  4.100    0.0  5.100 -999.9    330
SABANS 2009  8 18 230    6.8   21.3 18.900  4.800    0.0  5.100 -999.9    330
SABANS 2009  8 19 231    0.5   12.5 19.800  3.000    0.0  3.600 -999.9    330
SABANS 2009  8 20 232    3.5   13.8 21.600  2.400    0.0  3.600 -999.9    330
SABANS 2009  8 21 233    3.8   17.7 21.600  2.600    0.0  1.800 -999.9    330
SABANS 2009  8 22 234    0.6   21.1 21.000  3.700    0.0  0.900 -999.9    330
SABANS 2009  8 23 235    0.8   21.9 20.400  4.100    0.0  1.700 -999.9    330
SABANS 2009  8 24 236    3.9   21.8 19.100  3.900    0.0  3.000 -999.9    330
SABANS 2009  8 25 237    6.2   23.3 20.600  3.800    0.0  2.400 -999.9    330
SABANS 2009  8 26 238    5.0   24.8 21.000  4.400    0.0  3.400 -999.9    330
SABANS 2009  8 27 239    4.8   20.9 17.800  3.600    0.8  4.500 -999.9    330
SABANS 2009  8 28 240    1.5   21.3 20.300  3.800    0.0  2.800 -999.9    330
SABANS 2009  8 29 241    6.8   25.5 21.400  4.400    0.0  3.600 -999.9    330
SABANS 2009  8 30 242    7.8   27.8 19.900  4.200    0.0  3.300 -999.9    330
SABANS 2009  8 31 243    8.7   28.8 19.100  4.300    0.0  4.600 -999.9    330
SABANS 2009  9  1 244    8.8   29.4 19.700  5.400    0.0  3.100 -999.9    330
SABANS 2009  9  2 245    8.0   26.1 20.400  4.900    0.0  4.600 -999.9    330
SABANS 2009  9  3 246    2.5   24.9 21.000  4.200    0.0  3.200 -999.9    330
SABANS 2009  9  4 247    5.5   28.3 20.400  5.600    0.0  3.000 -999.9    330
SABANS 2009  9  5 248    6.9   29.7 21.500  5.700    0.0  4.900 -999.9    330
SABANS 2009  9  6 249    9.2   29.9 22.900  5.600    0.0  3.900 -999.9    330
SABANS 2009  9  7 250    7.0   30.1 22.700  6.000    0.0  3.200 -999.9    330
SABANS 2009  9  8 251    3.5   21.3 22.700  4.200    0.0  2.300 -999.9    330
SABANS 2009  9  9 252    4.1   20.3 20.700  3.600    0.0  2.900 -999.9    330
SABANS 2009  9 10 253    8.6   21.5 19.700  4.700    0.0  1.900 -999.9    330
SABANS 2009  9 11 254    3.4   19.3 18.400  4.800    0.0  2.100 -999.9    330
SABANS 2009  9 12 255    2.1   24.6 21.400  4.700    0.0  3.300 -999.9    330
SABANS 2009  9 13 256    7.7   27.7 22.100  5.200    0.0  3.200 -999.9    330
SABANS 2009  9 14 257    6.5   28.7 23.300  4.400    0.0  3.500 -999.9    330
SABANS 2009  9 15 258   12.1   27.3 23.000  5.100    0.0  3.100 -999.9    330
SABANS 2009  9 16 259   10.6   24.0 22.700  3.500    0.0  2.900 -999.9    330
SABANS 2009  9 17 260    7.0   24.8 21.300  5.000    0.0  5.300 -999.9    330
SABANS 2009  9 18 261    3.9   20.0 20.300  5.100    0.0  4.300 -999.9    330
SABANS 2009  9 19 262    2.3   23.2 26.000  4.600    0.0  5.300 -999.9    330
SABANS 2009  9 20 263    4.2   25.3 19.600  5.600    0.0  5.200 -999.9    330
SABANS 2009  9 21 264    4.6   27.1 23.600  5.700    0.0  4.600 -999.9    330
SABANS 2009  9 22 265    8.6   29.5 23.300  6.600    0.0  5.800 -999.9    330
SABANS 2009  9 23 266   10.7   27.6 18.900  5.600    0.0  3.300 -999.9    330
SABANS 2009  9 24 267    8.1   29.8 22.900  5.700    0.0  1.700 -999.9    330
SABANS 2009  9 25 268    7.6   26.5 16.360  5.500    0.0  2.600 -999.9    330
SABANS 2009  9 26 269    6.1   29.3 24.700  6.100    0.0  1.900 -999.9    330
SABANS 2009  9 27 270    8.0   31.3 25.000  7.500    0.0  2.300 -999.9    330
SABANS 2009  9 28 271    9.0   26.4 19.100  6.100    0.0  3.100 -999.9    330
SABANS 2009  9 29 272   10.6   21.1 18.100  4.200    0.0  4.400 -999.9    330
SABANS 2009  9 30 273   11.3   21.8 23.200  3.700    0.0  4.900 -999.9    330
SABANS 2009 10  1 274   13.2   25.9 23.200  5.000    7.1  3.000 -999.9    330
SABANS 2009 10  2 275   10.9   26.0 19.800  5.000    0.0  1.800 -999.9    330
SABANS 2009 10  3 276   12.2   23.4 17.700  3.800    2.8  3.000 -999.9    330
SABANS 2009 10  4 277   12.9   20.2 27.230  3.100    4.9  2.600 -999.9    330
SABANS 2009 10  5 278   10.7   24.2 17.200  4.100    1.3  1.800 -999.9    330
SABANS 2009 10  6 279   11.1   29.0 23.900  5.900    0.0  2.600 -999.9    330
SABANS 2009 10  7 280   12.5   29.4 26.900  6.500    0.0  2.900 -999.9    330
SABANS 2009 10  8 281    6.8   26.3 27.700  5.500    0.0  3.300 -999.9    330
SABANS 2009 10  9 282    4.8   28.5 23.000  6.300    0.0  3.300 -999.9    330
SABANS 2009 10 10 283    9.4   30.7 16.800  7.200    0.0  3.500 -999.9    330
SABANS 2009 10 11 284   14.0   20.5 21.500  2.600   22.7  2.600 -999.9    330
SABANS 2009 10 12 285   10.3   17.8 17.100  2.500   42.2  2.200 -999.9    330
SABANS 2009 10 13 286    5.9   21.9 25.200  4.000    0.0  2.500 -999.9    330
SABANS 2009 10 14 287    9.8   27.6 25.800  5.900    0.0  4.100 -999.9    330
SABANS 2009 10 15 288   16.7   27.7 26.400  5.200    0.8  2.600 -999.9    330
SABANS 2009 10 16 289   14.9   24.7 25.400  3.500    2.1  4.000 -999.9    330
SABANS 2009 10 17 290   14.0   27.0 22.600  6.200    0.0  2.400 -999.9    330
SABANS 2009 10 18 291    4.1   29.6 18.600  5.500    0.0  5.200 -999.9    330
SABANS 2009 10 19 292   12.9   25.8 19.100  4.800    0.1  4.600 -999.9    330
SABANS 2009 10 20 293   10.9   28.2 20.200  6.400    0.0  5.000 -999.9    330
SABANS 2009 10 21 294   12.6   31.8 26.100  6.800    0.0  2.600 -999.9    330
SABANS 2009 10 22 295   14.2   32.3 22.000  8.000    0.0  1.900 -999.9    330
SABANS 2009 10 23 296   15.6   31.9 24.700  7.700    0.0  2.900 -999.9    330
SABANS 2009 10 24 297   12.8   31.3 27.300  6.700    1.3  1.100 -999.9    330
SABANS 2009 10 25 298   15.0   24.9 22.800  5.000    3.2  1.900 -999.9    330
SABANS 2009 10 26 299   14.7   26.4 22.900  6.900    0.9  2.400 -999.9    330
SABANS 2009 10 27 300   15.1   26.3 20.400  6.600    0.0  3.500 -999.9    330
SABANS 2009 10 28 301   15.5   26.2 25.200  4.700    8.0  5.400 -999.9    330
SABANS 2009 10 29 302    6.0   24.5 19.900  4.700    0.0  4.800 -999.9    330
SABANS 2009 10 30 303   -3.1   19.4 16.400  4.600    0.0  2.400 -999.9    330
SABANS 2009 10 31 304   -3.1   22.6 16.900  4.500    0.0  2.700 -999.9    330
SABANS 2009 11  1 305    0.4   25.1 18.600  4.400    0.0  1.800 -999.9    330
SABANS 2009 11  2 306    3.9   26.7 21.300  4.400    0.0  1.100 -999.9    330
SABANS 2009 11  3 307    3.9   28.5 18.600  4.300    0.0  3.000 -999.9    330
SABANS 2009 11  4 308    4.9   27.0 17.700  4.200    0.0  3.500 -999.9    330
SABANS 2009 11  5 309    4.9   29.7 22.100  4.100    0.0  3.000 -999.9    330
SABANS 2009 11  6 310    2.0   26.3 26.700  4.100    0.0  2.400 -999.9    330
SABANS 2009 11  7 311    2.0   28.9 21.420  4.000    0.0  3.000 -999.9    330
SABANS 2009 11  8 312    5.3   31.3 26.600  3.900    0.0  1.500 -999.9    330
SABANS 2009 11  9 313    7.9   26.5 24.700  3.900    0.0  2.300 -999.9    330
SABANS 2009 11 10 314   10.0   20.3 25.900  3.800    0.0  2.800 -999.9    330
SABANS 2009 11 11 315   10.2   21.9 26.900  3.700    7.0  1.800 -999.9    330
SABANS 2009 11 12 316    9.4   26.3 26.600  3.600    2.0  5.900 -999.9    330
SABANS 2009 11 13 317    9.4   26.1 29.800  3.600    3.0  4.100 -999.9    330
SABANS 2009 11 14 318   11.6   23.1 25.900  3.500    7.0  4.400 -999.9    330
SABANS 2009 11 15 319    9.6   22.6 23.200  3.400    1.0  2.600 -999.9    330
SABANS 2009 11 16 320    8.3   24.6 19.700  3.300    0.0  3.000 -999.9    330
SABANS 2009 11 17 321    8.3   29.0 19.330  3.300    0.2  4.300 -999.9    330
SABANS 2009 11 18 322    5.6   29.3 19.790  3.200    0.0  2.700 -999.9    330
SABANS 2009 11 19 323   11.6   22.9 15.970  3.100    0.1  3.200 -999.9    330
SABANS 2009 11 20 324    9.4   19.0 19.840  3.300    6.3  3.800 -999.9    330
SABANS 2009 11 21 325   11.8   19.7 17.500  3.400    0.1  4.000 -999.9    330
SABANS 2009 11 22 326   10.6   26.6 27.400  5.000    0.0  2.600 -999.9    330
SABANS 2009 11 23 327   14.1   30.5 30.000  6.800    0.0  3.400 -999.9    330
SABANS 2009 11 24 328   16.0   30.3 30.500  5.700    0.0  1.700 -999.9    330
SABANS 2009 11 25 329   17.3   32.2 29.500  7.800    0.0  2.100 -999.9    330
SABANS 2009 11 26 330   14.3   33.2 27.100  6.200    2.0  4.000 -999.9    330
SABANS 2009 11 27 331   11.5   31.9 25.900  7.500    0.0  3.300 -999.9    330
SABANS 2009 11 28 332   12.8   32.9 28.700  7.600    0.0  2.300 -999.9    330
SABANS 2009 11 29 333   17.6   33.5 21.700  7.700    0.0  2.300 -999.9    330
SABANS 2009 11 30 334   16.5   31.9 18.000  7.300    0.0  2.700 -999.9    330
SABANS 2009 12  1 335   13.2   32.7 13.700  7.700    0.0  3.300 -999.9    330
SABANS 2009 12  2 336   14.0   33.0 24.700  9.700    0.0  2.300 -999.9    330
SABANS 2009 12  3 337   10.3   32.1 28.600  7.800    0.0  4.800 -999.9    330
SABANS 2009 12  4 338   11.4   33.4 29.900  8.500    0.0  3.300 -999.9    330
SABANS 2009 12  5 339   13.1   34.2 24.700  8.900    0.0  2.400 -999.9    330
SABANS 2009 12  6 340   16.9   34.6 30.400  8.500    5.1  2.600 -999.9    330
SABANS 2009 12  7 341   16.0   32.8 28.800  7.900    0.2  3.100 -999.9    330
SABANS 2009 12  8 342   17.0   30.1 12.800  5.500    6.6  2.200 -999.9    330
SABANS 2009 12  9 343   15.0   29.8 22.370  6.300   13.7  3.000 -999.9    330
SABANS 2009 12 10 344   14.6   30.4 30.000  7.400    0.0  4.400 -999.9    330
SABANS 2009 12 11 345   14.9   30.0 22.500  6.600    0.0  2.600 -999.9    330
SABANS 2009 12 12 346   16.0   31.6 18.700  7.000    0.0  1.600 -999.9    330
SABANS 2009 12 13 347   16.6   34.2 22.900  8.600    0.0  3.100 -999.9    330
SABANS 2009 12 14 348   15.5   27.6 20.480  6.300   22.8  3.400 -999.9    330
SABANS 2009 12 15 349   15.3   30.3 13.900  7.100    1.3  4.200 -999.9    330
SABANS 2009 12 16 350   14.5   29.9 30.300  8.000    0.0  2.600 -999.9    330
SABANS 2009 12 17 351   12.6   33.8 30.300  8.200    0.0  3.300 -999.9    330
SABANS 2009 12 18 352   13.3   34.2 31.700  8.200    0.0  2.900 -999.9    330
SABANS 2009 12 19 353   13.9   35.2 29.800  9.400    0.0  1.900 -999.9    330
SABANS 2009 12 20 354   16.2   34.9 23.300  8.900    0.0  1.900 -999.9    330
SABANS 2009 12 21 355   18.0   34.8 25.100  9.300    7.8  1.800 -999.9    330
SABANS 2009 12 22 356   16.8   34.6 31.700  7.100    0.0  2.800 -999.9    330
SABANS 2009 12 23 357   19.7   32.1 30.800  6.800    0.0  3.000 -999.9    330
SABANS 2009 12 24 358   15.1   34.4 29.100  8.000    0.0  2.900 -999.9    330
SABANS 2009 12 25 359   16.1   35.0 28.600  8.500    0.0  3.000 -999.9    330
SABANS 2009 12 26 360   16.4   32.3 23.900  8.300    0.0  1.800 -999.9    330
SABANS 2009 12 27 361   14.2   31.9 28.800  7.400    0.0  1.900 -999.9    330
SABANS 2009 12 28 362   14.7   34.6 21.300  9.900    0.0  2.100 -999.9    330
SABANS 2009 12 29 363   12.8   32.6 26.800  8.000    0.0  1.400 -999.9    330
SABANS 2009 12 30 364   15.2   34.9 23.000 10.000    0.1  1.700 -999.9    330
SABANS 2009 12 31 365   17.7   34.4 28.000  7.900    0.0  3.100 -999.9    330
