MANT 2010  1  1   1    9.5   35.0 18.903  8.324    0.0  3.300 -999.9    330
MANT 2010  1  2   2    8.0   33.5 19.854  8.137    0.0  3.300 -999.9    330
MANT 2010  1  3   3    7.0   34.0 19.877  8.739    0.0  3.600 -999.9    330
MANT 2010  1  4   4    6.0   34.0 20.168  8.456    0.0  3.400 -999.9    330
MANT 2010  1  5   5    6.5   34.0 20.194  6.746    0.0  2.300 -999.9    330
MANT 2010  1  6   6    7.5   34.5 19.288  5.674    0.0  1.700 -999.9    330
MANT 2010  1  7   7    8.5   34.5 19.049  6.404    0.0  2.100 -999.9    330
MANT 2010  1  8   8    8.5   34.5 20.015  8.437    0.0  3.300 -999.9    330
MANT 2010  1  9   9    7.5   34.5 20.046  8.768    0.0  3.500 -999.9    330
MANT 2010  1 10  10    7.0   33.0 20.080  7.978    0.0  3.200 -999.9    330
MANT 2010  1 11  11    8.3   34.3 19.308  8.608    0.0  3.500 -999.9    330
MANT 2010  1 12  12    7.5   34.5 17.996  9.527    0.0  4.100 -999.9    330
MANT 2010  1 13  13    8.3   34.8 18.839  9.285    0.0  3.900 -999.9    330
MANT 2010  1 14  14    7.5   34.8 21.307  8.564    0.0  3.300 -999.9    330
MANT 2010  1 15  15    7.5   35.5 21.213  8.610    0.0  3.200 -999.9    330
MANT 2010  1 16  16    7.5   36.5 21.256  9.649    0.0  3.700 -999.9    330
MANT 2010  1 17  17    7.6   36.5 20.621 10.378    0.0  4.200 -999.9    330
MANT 2010  1 18  18    8.0   35.3 22.026  9.872    0.0  4.100 -999.9    330
MANT 2010  1 19  19   10.5   34.5 19.482  9.505    0.0  4.100 -999.9    330
MANT 2010  1 20  20    6.5   34.5 21.576  9.572    0.0  4.000 -999.9    330
MANT 2010  1 21  21    6.6   33.5 21.761  8.746    0.0  3.600 -999.9    330
MANT 2010  1 22  22    8.5   34.5 20.165  8.503    0.0  3.300 -999.9    330
MANT 2010  1 23  23    8.0   35.0 21.725  8.713    0.0  3.300 -999.9    330
MANT 2010  1 24  24    9.5   35.3 21.639  8.889    0.0  3.400 -999.9    330
MANT 2010  1 25  25   11.0   34.8 19.206  8.377    0.0  3.200 -999.9    330
MANT 2010  1 26  26   16.5   34.3 20.361  7.641    0.0  2.800 -999.9    330
MANT 2010  1 27  27   12.0   34.8 21.105  6.591    0.0  2.100 -999.9    330
MANT 2010  1 28  28   16.0   36.5 16.849  6.629    0.0  2.100 -999.9    330
MANT 2010  1 29  29   16.5   37.0 15.778  9.451    0.0  3.700 -999.9    330
MANT 2010  1 30  30   12.4   35.8 21.267  9.843    0.0  4.000 -999.9    330
MANT 2010  1 31  31   10.5   37.0 22.162 10.282    0.0  4.000 -999.9    330
MANT 2010  2  1  32   11.0   36.5 21.238 11.501    0.0  5.100 -999.9    330
MANT 2010  2  2  33   10.0   36.8 21.434 11.299    0.0  4.900 -999.9    330
MANT 2010  2  3  34   12.5   37.3 21.491 10.147    0.0  3.900 -999.9    330
MANT 2010  2  4  35   11.5   38.0 20.983 10.632    0.0  4.100 -999.9    330
MANT 2010  2  5  36   13.5   38.5 17.357 11.488    0.0  4.700 -999.9    330
MANT 2010  2  6  37   12.0   37.0 22.374 11.533    0.0  5.000 -999.9    330
MANT 2010  2  7  38   10.0   35.3 21.153  9.175    0.0  3.600 -999.9    330
MANT 2010  2  8  39   11.5   35.0 21.780  8.734    0.0  3.300 -999.9    330
MANT 2010  2  9  40   11.0   36.0 22.554  7.154    0.0  2.200 -999.9    330
MANT 2010  2 10  41   12.0   37.0 22.614  7.122    0.0  2.100 -999.9    330
MANT 2010  2 11  42   14.0   37.5 22.675  8.104    0.0  2.600 -999.9    330
MANT 2010  2 12  43   13.0   37.3 22.735  5.617    0.0  1.300 -999.9    330
MANT 2010  2 13  44   16.5   37.3 20.198  5.274    0.0  1.400 -999.9    330
MANT 2010  2 14  45   19.3   36.8 22.856  5.618    0.0  1.300 -999.9    330
MANT 2010  2 15  46   18.6   37.8 20.017  5.460    0.0  1.300 -999.9    330
MANT 2010  2 16  47   19.5   37.0 22.977  7.129    0.0  2.100 -999.9    330
MANT 2010  2 17  48   16.5   38.3 23.328  9.354    0.0  3.200 -999.9    330
MANT 2010  2 18  49   19.0   40.5 23.097  7.515    0.0  2.100 -999.9    330
MANT 2010  2 19  50   18.5   40.3 21.839  4.823    0.0  0.700 -999.9    330
MANT 2010  2 20  51   20.0   39.5 21.162  9.055    0.0  3.000 -999.9    330
MANT 2010  2 21  52   19.0   40.0 21.804 10.928    0.0  4.000 -999.9    330
MANT 2010  2 22  53   16.5   41.0 23.332 11.237    0.0  3.900 -999.9    330
MANT 2010  2 23  54   16.5   42.0 23.538  8.793    0.0  2.500 -999.9    330
MANT 2010  2 24  55   17.5   42.0 23.595 12.155    0.0  4.300 -999.9    330
MANT 2010  2 25  56   15.3   41.5 22.911 11.743    0.0  4.100 -999.9    330
MANT 2010  2 26  57   15.0   41.0 23.709  7.239    0.0  1.800 -999.9    330
MANT 2010  2 27  58   18.5   41.5 23.764  8.346    0.0  2.400 -999.9    330
MANT 2010  2 28  59   21.5   41.0 22.477  8.129    0.0  2.400 -999.9    330
MANT 2010  3  1  60   20.6   41.3 20.288  8.490    0.0  2.700 -999.9    330
MANT 2010  3  2  61   18.5   41.0 21.981  8.808    0.0  2.900 -999.9    330
MANT 2010  3  3  62   19.5   40.5 22.330  6.267    0.0  1.400 -999.9    330
MANT 2010  3  4  63   17.5   41.5 20.576  8.969    0.0  2.700 -999.9    330
MANT 2010  3  5  64   18.5   40.5 20.922  6.133    0.0  1.400 -999.9    330
MANT 2010  3  6  65   19.5   40.3 21.117  6.874    0.0  2.000 -999.9    330
MANT 2010  3  7  66   24.5   41.0 21.614  6.648    0.0  1.700 -999.9    330
MANT 2010  3  8  67   19.5   40.3 19.540  4.173    0.0  0.600 -999.9    330
MANT 2010  3  9  68   19.5   40.3 21.852  6.235    0.0  1.400 -999.9    330
MANT 2010  3 10  69   17.5   39.5 22.805  5.761    0.0  1.200 -999.9    330
MANT 2010  3 11  70   20.5   38.5 17.377  5.767    0.0  1.400 -999.9    330
MANT 2010  3 12  71   19.8   39.0 15.129  7.127    0.0  2.100 -999.9    330
MANT 2010  3 13  72   21.5   38.5 24.453  9.477    0.0  3.100 -999.9    330
MANT 2010  3 14  73   17.5   38.5 24.494  8.062    0.0  2.300 -999.9    330
MANT 2010  3 15  74   17.5   40.0 24.993  7.514    0.0  1.900 -999.9    330
MANT 2010  3 16  75   17.3   40.5 23.809  9.701    0.0  3.000 -999.9    330
MANT 2010  3 17  76   19.0   38.0 22.774 10.030    0.0  3.500 -999.9    330
MANT 2010  3 18  77   17.5   37.3 21.275  9.655    0.0  3.400 -999.9    330
MANT 2010  3 19  78   18.0   39.0 20.693 10.291    0.0  3.600 -999.9    330
MANT 2010  3 20  79   29.0   40.3 12.888  8.524    0.0  3.100 -999.9    330
MANT 2010  3 21  80   25.5   40.5 11.065  7.929    0.0  2.600 -999.9    330
MANT 2010  3 22  81   19.5   39.0 18.933  9.153    0.0  3.000 -999.9    330
MANT 2010  3 23  82   18.0   38.5 18.650  9.120    0.0  3.000 -999.9    330
MANT 2010  3 24  83   16.5   39.0 17.749  9.561    0.0  3.200 -999.9    330
MANT 2010  3 25  84   19.5   39.5 18.543  7.946    0.0  2.500 -999.9    330
MANT 2010  3 26  85   19.5   39.8 16.403  7.827    0.0  2.400 -999.9    330
MANT 2010  3 27  86   14.5   40.0 24.764 11.569    0.0  4.000 -999.9    330
MANT 2010  3 28  87   14.5   40.5 21.696 11.050    0.0  3.700 -999.9    330
MANT 2010  3 29  88   18.0   40.3 17.077  9.478    0.0  3.100 -999.9    330
MANT 2010  3 30  89   20.0   40.0 17.559 10.194    0.0  3.500 -999.9    330
MANT 2010  3 31  90   18.6   40.5 19.742  7.132    0.0  1.900 -999.9    330
MANT 2010  4  1  91   19.0   40.8 20.687  8.151    0.0  2.300 -999.9    330
MANT 2010  4  2  92   20.0   41.0 20.393  6.399    0.0  1.500 -999.9    330
MANT 2010  4  3  93   19.5   41.5 19.323  6.861    0.0  1.700 -999.9    330
MANT 2010  4  4  94   23.5   42.0 21.040  7.983    0.0  2.200 -999.9    330
MANT 2010  4  5  95   22.3   41.3 19.503  9.082    0.0  3.000 -999.9    330
MANT 2010  4  6  96   24.1   38.5 24.939  9.341    0.0  3.100 -999.9    330
MANT 2010  4  7  97   26.4   41.0 25.414  5.134    0.0  0.600 -999.9    330
MANT 2010  4  8  98   23.5   41.5 25.268  7.273    0.0  1.600 -999.9    330
MANT 2010  4  9  99   29.0   39.8 22.486  8.175    0.0  2.300 -999.9    330
MANT 2010  4 10 100   29.5   39.7 21.873  6.080    0.0  1.200 -999.9    330
MANT 2010  4 11 101   27.3   40.3 21.724  8.925    0.0  2.800 -999.9    330
MANT 2010  4 12 102   29.5   40.5 23.898  9.482    0.0  3.100 -999.9    330
MANT 2010  4 13 103   30.3   41.3 22.972  9.863    0.0  3.300 -999.9    330
MANT 2010  4 14 104   27.5   37.3 15.076  8.500    0.0  3.500 -999.9    330
MANT 2010  4 15 105   27.5   41.5 24.834  8.759    0.0  2.400 -999.9    330
MANT 2010  4 16 106   29.5   37.0 19.107  6.916    0.0  2.200 -999.9    330
MANT 2010  4 17 107   28.8   41.8 21.833  7.247    0.0  2.100 -999.9    330
MANT 2010  4 18 108   28.5   41.0 23.133  6.621    0.0  1.400 -999.9    330
MANT 2010  4 19 109   30.0   40.0 23.230  7.502    0.0  2.000 -999.9    330
MANT 2010  4 20 110   26.0   39.0 23.527  7.475    0.0  1.900 -999.9    330
MANT 2010  4 21 111   29.0   39.2 17.330  6.974    0.0  1.900 -999.9    330
MANT 2010  4 22 112   23.5   41.5 19.225  6.323    0.0  1.400 -999.9    330
MANT 2010  4 23 113   25.0   38.0 20.518  7.369    0.0  2.500 -999.9    330
MANT 2010  4 24 114   26.0   36.3 20.613  6.161    0.0  1.500 -999.9    330
MANT 2010  4 25 115   26.0   39.5 15.526  6.655    0.0  2.200 -999.9    330
MANT 2010  4 26 116   27.5   41.5 19.007  7.793    0.0  2.900 -999.9    330
MANT 2010  4 27 117   24.0   40.0 20.991  8.680    0.0  3.300 -999.9    330
MANT 2010  4 28 118   24.3   39.0 18.995  6.912    0.0  2.600 -999.9    330
MANT 2010  4 29 119   27.5   40.0 19.782  6.317    0.0  1.900 -999.9    330
MANT 2010  4 30 120   24.3   35.8 19.774  5.851    1.0  2.100 -999.9    330
MANT 2010  5  1 121   23.8   30.3 20.581  6.367    0.0  2.600 -999.9    330
MANT 2010  5  2 122   23.8   36.0 12.759  6.000    6.0  2.800 -999.9    330
MANT 2010  5  3 123   23.5   36.0 23.621  7.766    0.0  3.000 -999.9    330
MANT 2010  5  4 124   27.6   39.3 23.302  7.460    0.0  2.500 -999.9    330
MANT 2010  5  5 125   27.3   40.5 22.066  7.744    0.0  2.800 -999.9    330
MANT 2010  5  6 126   26.3   40.5 18.847  7.436    0.0  2.700 -999.9    330
MANT 2010  5  7 127   27.3   38.5 17.159  5.823    6.0  2.400 -999.9    330
MANT 2010  5  8 128   22.3   39.0 26.596  7.177    0.0  1.800 -999.9    330
MANT 2010  5  9 129   26.3   39.5 24.142  7.573    0.0  2.300 -999.9    330
MANT 2010  5 10 130   29.3   40.0 23.974  8.065    0.0  2.800 -999.9    330
MANT 2010  5 11 131   28.5   40.0 24.717  7.730    0.0  2.500 -999.9    330
MANT 2010  5 12 132   24.5   41.5 13.317  6.181    0.0  2.300 -999.9    330
MANT 2010  5 13 133   25.5   39.0 24.985  7.984    0.0  2.700 -999.9    330
MANT 2010  5 14 134   27.0   40.5 24.664  8.313    0.0  2.900 -999.9    330
MANT 2010  5 15 135   20.0   40.5 14.356  5.038   22.0  2.000 -999.9    330
MANT 2010  5 16 136   24.3   35.8 25.081  6.866    0.0  2.100 -999.9    330
MANT 2010  5 17 137   26.3   38.8 19.324  5.765    0.0  1.800 -999.9    330
MANT 2010  5 18 138   26.5   38.5 18.405  6.053    0.0  2.300 -999.9    330
MANT 2010  5 19 139   25.5   39.0 20.051  7.506    1.0  2.900 -999.9    330
MANT 2010  5 20 140   22.0   39.0  9.496  4.586    0.4  1.800 -999.9    330
MANT 2010  5 21 141   24.5   37.3 22.582  6.380    0.0  2.100 -999.9    330
MANT 2010  5 22 142   25.5   36.0 18.808  6.279    0.0  2.400 -999.9    330
MANT 2010  5 23 143   27.8   38.0 20.448  5.833    1.0  1.700 -999.9    330
MANT 2010  5 24 144   22.3   38.0 17.733  5.010    7.0  2.200 -999.9    330
MANT 2010  5 25 145   22.0   36.5 19.971  6.263    0.0  2.400 -999.9    330
MANT 2010  5 26 146   26.0   38.0 21.905  7.065    0.0  3.100 -999.9    330
MANT 2010  5 27 147   27.8   39.8 19.945  7.143    0.0  3.000 -999.9    330
MANT 2010  5 28 148   28.0   39.3 21.577  6.915    0.0  2.700 -999.9    330
MANT 2010  5 29 149   27.0   38.3 21.414  6.294   33.0  2.100 -999.9    330
MANT 2010  5 30 150   22.0   36.9 24.387  6.163    0.0  1.500 -999.9    330
MANT 2010  5 31 151   25.3   36.0 20.940  6.973   50.0  3.000 -999.9    330
MANT 2010  6  1 152   18.5   36.4  9.451  4.380    3.0  2.400 -999.9    330
MANT 2010  6  2 153   23.5   35.3 17.788  5.394    0.0  2.200 -999.9    330
MANT 2010  6  3 154   25.0   34.5 22.989  6.307    0.0  2.500 -999.9    330
MANT 2010  6  4 155   24.5   33.8 13.903  4.458    0.0  1.300 -999.9    330
MANT 2010  6  5 156   24.3   33.8 20.437  6.685    0.0  2.900 -999.9    330
MANT 2010  6  6 157   23.5   35.5 25.924  6.537    0.0  2.000 -999.9    330
MANT 2010  6  7 158   21.5   37.4 23.535  6.195    6.5  2.100 -999.9    330
MANT 2010  6  8 159   23.0   36.3 22.783  6.268    0.0  2.500 -999.9    330
MANT 2010  6  9 160   25.5   34.3 21.586  6.711   24.0  3.800 -999.9    330
MANT 2010  6 10 161   19.5   25.0  9.423  3.565    8.0  2.700 -999.9    330
MANT 2010  6 11 162   22.0   29.5 25.569  5.648    0.0  1.700 -999.9    330
MANT 2010  6 12 163   23.0   34.5 24.671  5.853    0.0  1.500 -999.9    330
MANT 2010  6 13 164   25.2   35.5 18.594  5.838    0.0  2.300 -999.9    330
MANT 2010  6 14 165   23.5   35.5 24.211  6.762    0.0  3.500 -999.9    330
MANT 2010  6 15 166   25.0   34.0 24.204  6.508    0.0  2.800 -999.9    330
MANT 2010  6 16 167   25.0   34.8 26.121  6.798    0.0  2.400 -999.9    330
MANT 2010  6 17 168   20.5   31.8  9.408  3.835   12.0  2.000 -999.9    330
MANT 2010  6 18 169   23.5   31.3 21.675  5.503    0.0  1.900 -999.9    330
MANT 2010  6 19 170   23.3   34.5 24.331  6.571    0.0  2.400 -999.9    330
MANT 2010  6 20 171   24.5   35.0 24.327  6.519    0.0  2.500 -999.9    330
MANT 2010  6 21 172   25.0   35.5 23.438  6.152    2.0  2.300 -999.9    330
MANT 2010  6 22 173   22.0   34.8 18.708  5.005    0.0  1.400 -999.9    330
MANT 2010  6 23 174   21.5   34.8 20.037  5.469    0.0  1.800 -999.9    330
MANT 2010  6 24 175   25.5   35.5 22.695  6.523   28.0  3.200 -999.9    330
MANT 2010  6 25 176   18.5   34.0  9.400  4.524    0.0  4.000 -999.9    330
MANT 2010  6 26 177   22.5   34.5 20.184  5.555    1.4  2.700 -999.9    330
MANT 2010  6 27 178   21.0   31.3 12.945  3.838   25.0  2.000 -999.9    330
MANT 2010  6 28 179   23.3   31.5 24.323  5.367    0.0  1.300 -999.9    330
MANT 2010  6 29 180   23.5   33.8 22.848  5.266    5.0  1.200 -999.9    330
MANT 2010  6 30 181   21.5   33.5 17.825  5.091    0.0  2.200 -999.9    330
MANT 2010  7  1 182   20.0   33.5 16.793  5.368    0.0  3.000 -999.9    330
MANT 2010  7  2 183   22.0   31.5 17.091  6.629    0.0  3.500 -999.9    330
MANT 2010  7  3 184   21.5   31.3 16.798  4.674    0.0  1.500 -999.9    330
MANT 2010  7  4 185   21.5   33.5 24.792  5.797    0.0  1.700 -999.9    330
MANT 2010  7  5 186   23.5   35.3 21.246  5.686    0.0  2.400 -999.9    330
MANT 2010  7  6 187   22.5   35.0 19.771  5.832    0.0  3.200 -999.9    330
MANT 2010  7  7 188   22.4   33.0 18.443  5.148    0.0  2.300 -999.9    330
MANT 2010  7  8 189   24.3   33.5 18.449  4.580    0.0  1.200 -999.9    330
MANT 2010  7  9 190   21.5   34.0 19.196  4.558    0.0  0.900 -999.9    330
MANT 2010  7 10 191   19.5   34.0 16.977  5.010    7.0  2.300 -999.9    330
MANT 2010  7 11 192   21.0   34.5 21.436  5.360   30.0  2.300 -999.9    330
MANT 2010  7 12 193   20.5   31.8 12.830  2.960   22.0  0.600 -999.9    330
MANT 2010  7 13 194   21.5   32.0 26.060  5.308    0.0  0.900 -999.9    330
MANT 2010  7 14 195   22.5   33.5 21.313  5.097    0.0  1.700 -999.9    330
MANT 2010  7 15 196   21.5   34.3 23.257  5.585    0.0  3.300 -999.9    330
MANT 2010  7 16 197   24.0   33.3 19.992  4.993    1.5  2.900 -999.9    330
MANT 2010  7 17 198   20.6   33.0 20.001  4.460    0.0  1.600 -999.9    330
MANT 2010  7 18 199   21.8   32.8 25.229  5.612    0.0  2.200 -999.9    330
MANT 2010  7 19 200   23.3   33.3 25.391  5.969    3.0  2.600 -999.9    330
MANT 2010  7 20 201   20.5   32.0 12.564  3.761    0.0  3.200 -999.9    330
MANT 2010  7 21 202   23.0   30.5 24.821  5.635    0.0  3.600 -999.9    330
MANT 2010  7 22 203   21.3   29.0 19.302  4.316   20.0  3.200 -999.9    330
MANT 2010  7 23 204   20.0   32.0  9.435  3.197   37.5  3.000 -999.9    330
MANT 2010  7 24 205   20.0   27.0  9.437  3.001    4.0  3.200 -999.9    330
MANT 2010  7 25 206   20.0   29.3 22.029  5.258    0.0  3.000 -999.9    330
MANT 2010  7 26 207   21.0   29.5 18.441  4.610    0.0  2.200 -999.9    330
MANT 2010  7 27 208   21.3   30.0 19.951  4.500   48.0  1.700 -999.9    330
MANT 2010  7 28 209   20.5   31.0 15.604  4.597    0.0  2.500 -999.9    330
MANT 2010  7 29 210   20.5   29.5 14.408  3.691   35.0  2.100 -999.9    330
MANT 2010  7 30 211   20.7   32.0 18.476  4.244    1.0  1.800 -999.9    330
MANT 2010  7 31 212   20.5   31.5 23.003  5.256    8.0  2.100 -999.9    330
MANT 2010  8  1 213   20.5   31.0 21.810  4.760   38.0  1.500 -999.9    330
MANT 2010  8  2 214   21.0   31.5 26.798  5.319    3.0  0.800 -999.9    330
MANT 2010  8  3 215   21.5   33.0 21.530  4.576    5.0  0.700 -999.9    330
MANT 2010  8  4 216   21.0   33.5 21.540  4.819   35.0  2.000 -999.9    330
MANT 2010  8  5 217   19.3   30.0 23.818  5.039    0.0  2.400 -999.9    330
MANT 2010  8  6 218   19.3   31.5 18.534  4.081   26.0  1.400 -999.9    330
MANT 2010  8  7 219   20.5   31.8 23.690  4.818   11.0  1.000 -999.9    330
MANT 2010  8  8 220   19.5   30.8 20.822  4.386    1.5  1.100 -999.9    330
MANT 2010  8  9 221   21.3   29.5  9.455  2.484    0.0  1.600 -999.9    330
MANT 2010  8 10 222   21.5   30.3 17.043  3.907    0.0  1.900 -999.9    330
MANT 2010  8 11 223   19.8   29.3 11.277  2.768    7.0  1.700 -999.9    330
MANT 2010  8 12 224   20.5   28.5 17.053  3.804    0.0  1.000 -999.9    330
MANT 2010  8 13 225   21.0   30.0 24.053  5.086    0.0  2.200 -999.9    330
MANT 2010  8 14 226   21.0   30.3 11.734  2.922   93.0  1.200 -999.9    330
MANT 2010  8 15 227   19.0   28.8 19.805  3.784    0.0  0.300 -999.9    330
MANT 2010  8 16 228   18.6   30.0 26.514  5.024    0.0  0.800 -999.9    330
MANT 2010  8 17 229   21.0   32.5 18.746  4.070   38.0  0.900 -999.9    330
MANT 2010  8 18 230   17.5   32.0 21.647  5.047    0.0  2.100 -999.9    330
MANT 2010  8 19 231   20.0   32.3 25.009  5.578    0.0  2.100 -999.9    330
MANT 2010  8 20 232   20.5   32.3 25.777  5.415    0.0  1.800 -999.9    330
MANT 2010  8 21 233   19.0   31.5 11.724  3.119   20.5  1.700 -999.9    330
MANT 2010  8 22 234   19.5   31.0 18.600  4.109    0.0  1.800 -999.9    330
MANT 2010  8 23 235   21.0   30.3 23.952  4.965    0.0  2.100 -999.9    330
MANT 2010  8 24 236   20.8   30.3 17.221  3.760    1.0  1.900 -999.9    330
MANT 2010  8 25 237   20.0   30.3 23.799  4.974    0.0  1.300 -999.9    330
MANT 2010  8 26 238   21.0   32.3 21.043  4.754   24.0  1.500 -999.9    330
MANT 2010  8 27 239   18.8   31.5 15.528  4.048    0.0  2.400 -999.9    330
MANT 2010  8 28 240   20.5   30.8 23.181  5.036   21.0  2.100 -999.9    330
MANT 2010  8 29 241   19.3   31.3 21.338  4.606    0.0  1.600 -999.9    330
MANT 2010  8 30 242   20.5   32.0 25.623  5.411    0.0  1.700 -999.9    330
MANT 2010  8 31 243   19.8   31.3 17.190  3.815   30.0  1.600 -999.9    330
MANT 2010  9  1 244   20.0   31.0 14.883  3.561   15.0  1.200 -999.9    330
MANT 2010  9  2 245   20.0   30.5 18.553  3.950    4.0  2.000 -999.9    330
MANT 2010  9  3 246   19.8   29.8 15.479  3.294   27.0  1.600 -999.9    330
MANT 2010  9  4 247   19.0   28.5 13.937  3.195    0.0  1.600 -999.9    330
MANT 2010  9  5 248   21.3   29.8 18.983  4.035    0.0  1.100 -999.9    330
MANT 2010  9  6 249   19.0   33.5  9.320  2.875   64.0  1.700 -999.9    330
MANT 2010  9  7 250   19.5   26.8 15.742  3.735    0.0  2.100 -999.9    330
MANT 2010  9  8 251   20.5   30.7 21.089  4.356    9.0  1.400 -999.9    330
MANT 2010  9  9 252   20.5   30.0 14.032  3.073    9.0  0.500 -999.9    330
MANT 2010  9 10 253   20.0   30.0 23.506  4.968    0.0  1.700 -999.9    330
MANT 2010  9 11 254   20.5   31.0 24.559  5.049    0.0  1.600 -999.9    330
MANT 2010  9 12 255   21.3   31.8 23.010  4.958   19.0  1.400 -999.9    330
MANT 2010  9 13 256   19.3   31.0 17.335  3.590    0.0  0.500 -999.9    330
MANT 2010  9 14 257   21.5   29.5 17.928  3.747   14.0  0.800 -999.9    330
MANT 2010  9 15 258   20.5   29.5 24.778  4.993   65.0  1.800 -999.9    330
MANT 2010  9 16 259   18.5   34.5 17.582  3.977    0.0  0.900 -999.9    330
MANT 2010  9 17 260   21.5   30.8  9.329  2.661    5.5  1.400 -999.9    330
MANT 2010  9 18 261   19.2   28.5 15.407  3.233    0.0  1.100 -999.9    330
MANT 2010  9 19 262   20.5   31.0 21.322  4.478    4.0  1.600 -999.9    330
MANT 2010  9 20 263   19.5   31.5 20.991  4.481    6.5  1.200 -999.9    330
MANT 2010  9 21 264   19.5   31.5 23.850  4.895    0.0  1.200 -999.9    330
MANT 2010  9 22 265   19.5   32.0 24.122  4.930   17.0  1.100 -999.9    330
MANT 2010  9 23 266   20.0   32.5 23.179  4.796    0.0  1.500 -999.9    330
MANT 2010  9 24 267   20.5   32.5 24.055  5.041    4.0  1.700 -999.9    330
MANT 2010  9 25 268   19.5   33.3 23.263  4.943    0.0  1.300 -999.9    330
MANT 2010  9 26 269   22.0   33.5 25.193  5.330    0.0  1.400 -999.9    330
MANT 2010  9 27 270   21.5   33.8 25.607  5.243    0.0  0.800 -999.9    330
MANT 2010  9 28 271   19.5   32.0 13.503  3.259    2.5  1.200 -999.9    330
MANT 2010  9 29 272   19.3   30.3 14.982  3.582    1.5  1.400 -999.9    330
MANT 2010  9 30 273   19.5   32.0 24.729  5.117    0.0  1.300 -999.9    330
MANT 2010 10  1 274   20.5   34.0 23.184  5.218    0.0  1.900 -999.9    330
MANT 2010 10  2 275   18.8   33.3 13.394  3.806    8.0  1.800 -999.9    330
MANT 2010 10  3 276   19.0   30.5 24.747  4.834    0.0  1.300 -999.9    330
MANT 2010 10  4 277   19.5   33.5 23.803  5.047    0.0  1.500 -999.9    330
MANT 2010 10  5 278   19.5   33.3 22.414  5.115    0.0  2.200 -999.9    330
MANT 2010 10  6 279   20.3   31.0 20.879  4.417    1.0  1.900 -999.9    330
MANT 2010 10  7 280   20.5   32.3 14.735  3.318    5.0  1.000 -999.9    330
MANT 2010 10  8 281   20.3   30.3 16.336  3.389    4.0  0.900 -999.9    330
MANT 2010 10  9 282   20.5   31.3 21.489  4.369    0.0  1.000 -999.9    330
MANT 2010 10 10 283   20.5   33.8 23.811  5.001    0.0  1.000 -999.9    330
MANT 2010 10 11 284   21.0   28.5 13.268  3.363    0.0  2.300 -999.9    330
MANT 2010 10 12 285   21.0   31.8 21.200  4.267  100.0  0.800 -999.9    330
MANT 2010 10 13 286   18.5   33.0 15.853  3.615    0.0  1.300 -999.9    330
MANT 2010 10 14 287   22.0   31.5 17.283  3.709   43.0  1.300 -999.9    330
MANT 2010 10 15 288   21.5   32.5  8.589  2.718    0.0  1.100 -999.9    330
MANT 2010 10 16 289   18.1   32.3  8.564  2.117    0.0  0.400 -999.9    330
MANT 2010 10 17 290   21.0   33.8 18.472  4.427    0.0  1.800 -999.9    330
MANT 2010 10 18 291   20.5   34.5 21.925  4.923    0.0  1.600 -999.9    330
MANT 2010 10 19 292   21.8   33.8 23.036  4.883    0.0  1.800 -999.9    330
MANT 2010 10 20 293   21.0   33.8 16.883  4.154    0.0  2.000 -999.9    330
MANT 2010 10 21 294   19.5   35.3 20.171  4.819    0.0  1.800 -999.9    330
MANT 2010 10 22 295   18.5   33.5 21.422  4.495    0.0  0.900 -999.9    330
MANT 2010 10 23 296   19.5   34.8 22.811  4.631    0.0  0.700 -999.9    330
MANT 2010 10 24 297   19.5   35.0 22.034  4.770    0.0  1.100 -999.9    330
MANT 2010 10 25 298   19.0   34.8 23.415  5.025    0.0  1.400 -999.9    330
MANT 2010 10 26 299   20.0   34.0 20.490  4.534    6.0  1.200 -999.9    330
MANT 2010 10 27 300   19.5   33.5 20.295  4.676    1.5  2.600 -999.9    330
MANT 2010 10 28 301   20.0   32.3 18.959  3.539    0.0  0.200 -999.9    330
MANT 2010 10 29 302   18.0   32.0 21.899  4.213    0.0  0.700 -999.9    330
MANT 2010 10 30 303   18.5   35.0 21.843  4.268    0.0  0.500 -999.9    330
MANT 2010 10 31 304   18.5   35.0 20.654  4.241    0.0  0.700 -999.9    330
MANT 2010 11  1 305   18.5   32.5 19.752  4.054    0.0  0.900 -999.9    330
MANT 2010 11  2 306   19.5   34.5 19.842  4.638    0.0  1.600 -999.9    330
MANT 2010 11  3 307   20.0   34.5 15.427  3.046    0.0  0.100 -999.9    330
MANT 2010 11  4 308   17.5   34.5 19.460  4.963    0.0  1.500 -999.9    330
MANT 2010 11  5 309   14.3   32.3 21.933  4.608    0.0  1.200 -999.9    330
MANT 2010 11  6 310   14.3   32.0 21.319  4.107    0.0  0.800 -999.9    330
MANT 2010 11  7 311   15.0   33.3 20.568  4.089    0.0  0.800 -999.9    330
MANT 2010 11  8 312   19.0   33.3 18.011  4.135    0.0  1.400 -999.9    330
MANT 2010 11  9 313   19.0   33.3 18.382  4.256    0.0  1.300 -999.9    330
MANT 2010 11 10 314   17.0   33.5 21.802  5.192    0.0  1.700 -999.9    330
MANT 2010 11 11 315   14.5   33.0 21.058  7.194    0.0  3.900 -999.9    330
MANT 2010 11 12 316   13.0   34.3 21.008  6.526    0.0  3.100 -999.9    330
MANT 2010 11 13 317   11.5   33.8 20.959  5.350    0.0  2.000 -999.9    330
MANT 2010 11 14 318   13.3   34.5 20.360  4.097    0.0  0.800 -999.9    330
MANT 2010 11 15 319   15.5   34.8 16.747  3.901    0.0  1.500 -999.9    330
MANT 2010 11 16 320   17.5   32.8 20.678  3.581    0.0  0.100 -999.9    330
MANT 2010 11 17 321   15.0   35.8 20.769  4.234    0.0  0.800 -999.9    330
MANT 2010 11 18 322   13.0   36.0 20.723  4.875    0.0  1.400 -999.9    330
MANT 2010 11 19 323   15.0   30.5 20.679  4.372    0.0  1.700 -999.9    330
MANT 2010 11 20 324   11.5   31.0 21.315  5.000    0.0  1.900 -999.9    330
MANT 2010 11 21 325   11.0   31.3 20.051  4.992    0.0  2.000 -999.9    330
MANT 2010 11 22 326   11.5   31.0 20.011  4.643    0.0  1.900 -999.9    330
MANT 2010 11 23 327   12.0   30.0 19.972  4.503    0.0  2.300 -999.9    330
MANT 2010 11 24 328   10.0   29.8 20.339  5.105    0.0  2.300 -999.9    330
MANT 2010 11 25 329    9.0   28.6 20.301  5.443    0.0  2.800 -999.9    330
MANT 2010 11 26 330    8.0   30.3 20.265  5.830    0.0  2.900 -999.9    330
MANT 2010 11 27 331    9.5   28.5 20.096  4.842    0.0  2.000 -999.9    330
MANT 2010 11 28 332    9.5   29.3 19.660  5.661    0.0  2.900 -999.9    330
MANT 2010 11 29 333    9.0   31.0 20.031  5.798    0.0  2.800 -999.9    330
MANT 2010 11 30 334    9.0   28.5 20.267  5.324    0.0  2.500 -999.9    330
MANT 2010 12  1 335    8.0   27.3 20.237  4.670    0.0  2.000 -999.9    330
MANT 2010 12  2 336    6.0   29.0 20.476  5.007    0.0  2.200 -999.9    330
MANT 2010 12  3 337    6.5   31.5 20.049  4.576    0.0  1.500 -999.9    330
MANT 2010 12  4 338    7.0   30.8 20.024  4.266    0.0  1.300 -999.9    330
MANT 2010 12  5 339    9.0   28.3 19.070  4.471    0.0  1.900 -999.9    330
MANT 2010 12  6 340   10.0   28.8 19.314  5.015    0.0  2.200 -999.9    330
MANT 2010 12  7 341    8.0   27.3 19.957  4.424    0.0  1.800 -999.9    330
MANT 2010 12  8 342    6.3   25.3 19.805  4.804    0.0  2.600 -999.9    330
MANT 2010 12  9 343    6.5   22.5 18.596  4.565    0.0  2.900 -999.9    330
MANT 2010 12 10 344    7.0   26.8 19.904  5.491    0.0  2.900 -999.9    330
MANT 2010 12 11 345    6.0   27.5 19.889  5.078    0.0  2.300 -999.9    330
MANT 2010 12 12 346    5.0   27.0 19.876  4.651    0.0  2.000 -999.9    330
MANT 2010 12 13 347    6.0   29.5 19.865  4.744    0.0  1.900 -999.9    330
MANT 2010 12 14 348    7.0   22.3 18.799  4.371    0.0  2.600 -999.9    330
MANT 2010 12 15 349    8.0   28.5 18.791  5.562    0.0  2.800 -999.9    330
MANT 2010 12 16 350    7.5   28.3 18.653  5.178    0.0  2.400 -999.9    330
MANT 2010 12 17 351    8.0   28.8 19.045  4.809    0.0  2.000 -999.9    330
MANT 2010 12 18 352    7.3   26.3 18.778  4.474    0.0  2.100 -999.9    330
MANT 2010 12 19 353    7.0   32.7 18.381  5.104    0.0  2.000 -999.9    330
MANT 2010 12 20 354    7.0   29.8 19.568  5.283    0.0  2.400 -999.9    330
MANT 2010 12 21 355    8.0   27.0 19.570  5.021    0.0  2.300 -999.9    330
MANT 2010 12 22 356    7.0   30.3 19.838  5.000    0.0  2.000 -999.9    330
MANT 2010 12 23 357    6.0   27.5 19.711  4.566    0.0  2.000 -999.9    330
MANT 2010 12 24 358    6.0   32.8 19.454  5.332    0.0  2.200 -999.9    330
MANT 2010 12 25 359    6.0   27.3 19.595  4.641    0.0  2.200 -999.9    330
MANT 2010 12 26 360    5.0   26.5 19.869  4.028    0.0  1.600 -999.9    330
MANT 2010 12 27 361    5.0   27.5 18.956  4.688    0.0  2.100 -999.9    330
MANT 2010 12 28 362    7.3   25.8 19.894  5.916    0.0  3.400 -999.9    330
MANT 2010 12 29 363    7.0   24.3 20.042  5.610    0.0  3.300 -999.9    330
MANT 2010 12 30 364    7.0   26.8 15.555  5.586    0.0  3.200 -999.9    330
MANT 2010 12 31 365    7.3   25.7 14.774  5.522    0.0  3.300 -999.9    330
