BEOU 2015  1  1   1   16.1   34.3 19.800  7.331    0.0  2.884 -999.9    330
BEOU 2015  1  2   2   18.7   32.9 18.400  7.071    0.0  2.872 -999.9    330
BEOU 2015  1  3   3   17.4   32.9 18.400  7.064    0.0  2.883 -999.9    330
BEOU 2015  1  4   4   17.4   32.2 20.000  7.086    0.0  2.895 -999.9    330
BEOU 2015  1  5   5   16.1   32.0 20.200  7.030    0.0  2.882 -999.9    330
BEOU 2015  1  6   6   14.1   31.7 20.200  6.916    0.0  2.850 -999.9    330
BEOU 2015  1  7   7   16.2   33.1 21.400  7.217    0.0  2.834 -999.9    330
BEOU 2015  1  8   8   16.6   34.2 19.200  7.192    0.0  2.793 -999.9    330
BEOU 2015  1  9   9   18.6   32.2 18.000  6.888    0.0  2.801 -999.9    330
BEOU 2015  1 10  10   17.9   29.0 16.900  6.391    0.0  2.790 -999.9    330
BEOU 2015  1 11  11   19.4   31.0 17.500  6.704    0.0  2.774 -999.9    330
BEOU 2015  1 12  12   18.2   30.9 19.800  6.806    0.0  2.777 -999.9    330
BEOU 2015  1 13  13   16.5   30.4 19.400  6.655    0.0  2.765 -999.9    330
BEOU 2015  1 14  14   15.4   34.5 19.200  7.181    0.0  2.743 -999.9    330
BEOU 2015  1 15  15   17.1   34.8 18.900  7.252    0.0  2.762 -999.9    330
BEOU 2015  1 16  16   18.6   35.3 19.700  7.452    0.0  2.792 -999.9    330
BEOU 2015  1 17  17   17.7   36.3 20.000  7.688    0.0  2.830 -999.9    330
BEOU 2015  1 18  18   18.6   35.4 19.200  7.601    0.0  2.875 -999.9    330
BEOU 2015  1 19  19   18.6   35.9 19.100  7.711    0.0  2.888 -999.9    330
BEOU 2015  1 20  20   19.8   37.8 20.300  8.133    0.0  2.904 -999.9    330
BEOU 2015  1 21  21   20.3   37.6 19.200  8.079    0.0  2.921 -999.9    330
BEOU 2015  1 22  22   21.5   38.7 20.900  8.385    0.0  2.924 -999.9    330
BEOU 2015  1 23  23   21.0   39.2 21.900  8.545    0.0  2.926 -999.9    330
BEOU 2015  1 24  24   21.2   38.7 21.900  8.473    0.0  2.925 -999.9    330
BEOU 2015  1 25  25   19.1   38.7 21.900  8.474    0.0  2.922 -999.9    330
BEOU 2015  1 26  26   19.6   38.0 22.300  8.377    0.0  2.915 -999.9    330
BEOU 2015  1 27  27   20.1   37.8 22.300  8.341    0.0  2.912 -999.9    330
BEOU 2015  1 28  28   20.3   37.3 21.900  8.237    0.0  2.905 -999.9    330
BEOU 2015  1 29  29   18.6   37.8 22.700  8.335    0.0  2.890 -999.9    330
BEOU 2015  1 30  30   18.9   38.3 22.300  8.452    0.0  2.921 -999.9    330
BEOU 2015  1 31  31   21.4   39.2 21.500  8.616    0.0  2.953 -999.9    330
BEOU 2015  2  1  32   20.5   39.6 21.300  8.718    0.0  2.976 -999.9    330
BEOU 2015  2  2  33   21.9   40.2 23.100  8.998    0.0  3.000 -999.9    330
BEOU 2015  2  3  34   20.7   40.6 21.800  9.005    0.0  3.010 -999.9    330
BEOU 2015  2  4  35   21.8   40.0 21.200  8.843    0.0  2.993 -999.9    330
BEOU 2015  2  5  36   24.3   40.6 21.700  8.969    0.0  2.973 -999.9    330
BEOU 2015  2  6  37   23.4   40.1 21.100  8.793    0.0  2.946 -999.9    330
BEOU 2015  2  7  38   23.8   40.7 21.700  8.880    0.0  2.923 -999.9    330
BEOU 2015  2  8  39   23.4   41.8 24.000  9.230    0.0  2.925 -999.9    330
BEOU 2015  2  9  40   24.6   40.6 22.100  8.822    0.0  2.885 -999.9    330
BEOU 2015  2 10  41   25.1   40.0 21.800  8.622    0.0  2.838 -999.9    330
BEOU 2015  2 11  42   26.5   40.5 20.900  8.556    0.0  2.792 -999.9    330
BEOU 2015  2 12  43   25.7   39.9 19.300  8.227    0.0  2.735 -999.9    330
BEOU 2015  2 13  44   24.6   40.5 21.700  8.444    0.0  2.711 -999.9    330
BEOU 2015  2 14  45   22.9   39.7 22.100  8.336    0.0  2.710 -999.9    330
BEOU 2015  2 15  46   25.3   40.1 21.800  8.395    0.0  2.699 -999.9    330
BEOU 2015  2 16  47   26.6   39.2 21.500  8.251    0.0  2.668 -999.9    330
BEOU 2015  2 17  48   22.6   39.3 23.500  8.360    0.0  2.653 -999.9    330
BEOU 2015  2 18  49   24.6   39.8 23.400  8.453    0.0  2.637 -999.9    330
BEOU 2015  2 19  50   24.8   38.5 21.900  8.152    0.0  2.625 -999.9    330
BEOU 2015  2 20  51   24.3   36.5 18.500  7.586    1.9  2.600 -999.9    330
BEOU 2015  2 21  52   23.9   35.8 20.900  7.656    0.0  2.580 -999.9    330
BEOU 2015  2 22  53   24.3   36.5 21.600  7.771    0.6  2.555 -999.9    330
BEOU 2015  2 23  54   24.4   35.6 22.500  7.676    0.0  2.508 -999.9    330
BEOU 2015  2 24  55   21.8   37.0 23.300  7.724    0.0  2.434 -999.9    330
BEOU 2015  2 25  56   21.3   38.0 24.300  7.875    0.0  2.404 -999.9    330
BEOU 2015  2 26  57   21.7   36.8 23.300  7.641    0.0  2.419 -999.9    330
BEOU 2015  2 27  58   21.6   35.4 22.900  7.366    0.0  2.388 -999.9    330
BEOU 2015  2 28  59   20.0   37.7 24.100  7.696    0.0  2.369 -999.9    330
BEOU 2015  3  1  60   22.4   37.1 23.900  7.615    0.0  2.363 -999.9    330
BEOU 2015  3  2  61   21.0   37.9 24.500  7.746    0.0  2.370 -999.9    330
BEOU 2015  3  3  62   20.8   38.4 24.400  7.774    0.0  2.350 -999.9    330
BEOU 2015  3  4  63   23.5   38.4 22.800  7.661    0.0  2.356 -999.9    330
BEOU 2015  3  5  64   24.6   39.5 20.600  7.585    0.0  2.358 -999.9    330
BEOU 2015  3  6  65   25.8   39.8 22.300  7.884    0.0  2.394 -999.9    330
BEOU 2015  3  7  66   23.7   41.0 24.800  8.249    0.0  2.384 -999.9    330
BEOU 2015  3  8  67   22.4   41.4 25.200  8.277    0.0  2.356 -999.9    330
BEOU 2015  3  9  68   24.3   41.3 26.100  8.349    0.0  2.332 -999.9    330
BEOU 2015  3 10  69   24.8   41.9 25.100  8.270    0.0  2.304 -999.9    330
BEOU 2015  3 11  70   23.8   41.1 24.100  7.944    0.0  2.248 -999.9    330
BEOU 2015  3 12  71   25.2   40.9 21.400  7.521    0.0  2.179 -999.9    330
BEOU 2015  3 13  72   24.6   40.5 22.400  7.498    0.0  2.141 -999.9    330
BEOU 2015  3 14  73   27.0   39.8 21.300  7.295    0.0  2.108 -999.9    330
BEOU 2015  3 15  74   27.2   40.7 19.500  7.176    0.0  2.118 -999.9    330
BEOU 2015  3 16  75   28.9   40.0 18.800  7.027    0.0  2.093 -999.9    330
BEOU 2015  3 17  76   29.8   40.0 17.400  6.908    0.0  2.114 -999.9    330
BEOU 2015  3 18  77   24.8   33.3  8.000  5.084    0.0  2.094 -999.9    330
BEOU 2015  3 19  78   27.9   39.7 17.300  6.786    0.0  2.090 -999.9    330
BEOU 2015  3 20  79   31.1   36.8 13.700  6.190    0.0  2.075 -999.9    330
BEOU 2015  3 21  80   30.7   37.0 11.500  5.911    0.0  2.077 -999.9    330
BEOU 2015  3 22  81   28.1   37.3 17.500  6.607    0.0  2.095 -999.9    330
BEOU 2015  3 23  82   27.5   38.6 18.900  6.901    0.0  2.116 -999.9    330
BEOU 2015  3 24  83   29.8   40.6 20.400  7.362    0.0  2.123 -999.9    330
BEOU 2015  3 25  84   27.6   34.1 14.300  5.923    0.0  2.109 -999.9    330
BEOU 2015  3 26  85   26.8   35.3 16.600  6.217    0.0  2.096 -999.9    330
BEOU 2015  3 27  86   27.3   40.5 22.200  7.358    0.0  2.059 -999.9    330
BEOU 2015  3 28  87   21.7   41.0 24.700  7.609    0.0  2.080 -999.9    330
BEOU 2015  3 29  88   19.7   40.0 26.700  7.682    0.0  2.105 -999.9    330
BEOU 2015  3 30  89   22.2   39.6 24.000  7.335    0.0  2.134 -999.9    330
BEOU 2015  3 31  90   25.1   38.3 22.400  7.047    0.0  2.156 -999.9    330
BEOU 2015  4  1  91   26.7   39.1 20.300  6.866    0.0  2.160 -999.9    330
BEOU 2015  4  2  92   23.7   40.2 24.000  7.381    0.0  2.157 -999.9    330
BEOU 2015  4  3  93   23.9   39.7 21.900  7.023    0.0  2.166 -999.9    330
BEOU 2015  4  4  94   25.8   40.0 22.500  7.203    0.0  2.179 -999.9    330
BEOU 2015  4  5  95   28.7   39.1 21.600  7.122    0.0  2.218 -999.9    330
BEOU 2015  4  6  96   27.3   39.5 20.900  7.031    0.0  2.250 -999.9    330
BEOU 2015  4  7  97   26.5   39.9 21.500  7.123   18.0  2.254 -999.9    330
BEOU 2015  4  8  98   27.1   41.2 26.500  8.043    0.0  2.265 -999.9    330
BEOU 2015  4  9  99   28.3   41.7 25.800  8.071    0.0  2.284 -999.9    330
BEOU 2015  4 10 100   28.6   41.6 24.500  7.906    0.0  2.319 -999.9    330
BEOU 2015  4 11 101   26.2   39.9 22.600  7.362    1.8  2.372 -999.9    330
BEOU 2015  4 12 102   24.7   35.9 19.300  6.442    0.0  2.428 -999.9    330
BEOU 2015  4 13 103   27.4   38.4 17.200  6.500    0.0  2.470 -999.9    330
BEOU 2015  4 14 104   25.0   39.2 23.100  7.344    0.0  2.488 -999.9    330
BEOU 2015  4 15 105   22.8   39.7 26.000  7.730    0.0  2.517 -999.9    330
BEOU 2015  4 16 106   23.2   39.6 26.400  7.793    0.0  2.550 -999.9    330
BEOU 2015  4 17 107   22.5   39.9 24.300  7.514    0.0  2.573 -999.9    330
BEOU 2015  4 18 108   25.0   40.1 22.700  7.390    0.0  2.576 -999.9    330
BEOU 2015  4 19 109   25.5   41.4 22.500  7.525    0.0  2.569 -999.9    330
BEOU 2015  4 20 110   26.2   41.2 16.500  6.582    0.0  2.567 -999.9    330
BEOU 2015  4 21 111   28.4   41.4 23.900  7.848    0.0  2.578 -999.9    330
BEOU 2015  4 22 112   29.6   42.2 25.400  8.238    0.0  2.574 -999.9    330
BEOU 2015  4 23 113   27.6   41.4 26.100  8.141    0.0  2.556 -999.9    330
BEOU 2015  4 24 114   28.6   41.0 22.600  7.572    0.0  2.555 -999.9    330
BEOU 2015  4 25 115   28.9   39.4 19.800  6.962    0.0  2.555 -999.9    330
BEOU 2015  4 26 116   29.1   39.8 21.500  7.263    0.0  2.549 -999.9    330
BEOU 2015  4 27 117   27.4   39.1 23.000  7.332    0.0  2.554 -999.9    330
BEOU 2015  4 28 118   28.0   40.8 23.400  7.621    0.0  2.557 -999.9    330
BEOU 2015  4 29 119   27.1   40.1 25.100  7.749    0.0  2.562 -999.9    330
BEOU 2015  4 30 120   28.4   41.1 25.400  7.992    0.0  2.568 -999.9    330
BEOU 2015  5  1 121   29.1   41.4 24.900  7.969    0.1  2.564 -999.9    330
BEOU 2015  5  2 122   28.3   40.0 24.300  7.647    0.0  2.555 -999.9    330
BEOU 2015  5  3 123   29.8   41.1 24.800  7.931    0.0  2.560 -999.9    330
BEOU 2015  5  4 124   27.5   36.1 20.700  6.631    0.0  2.574 -999.9    330
BEOU 2015  5  5 125   22.9   32.5 13.500  5.116    1.3  2.569 -999.9    330
BEOU 2015  5  6 126   26.1   38.3 24.200  7.282    0.0  2.561 -999.9    330
BEOU 2015  5  7 127   28.6   39.4 25.900  7.793    0.0  2.555 -999.9    330
BEOU 2015  5  8 128   27.5   36.6 23.700  7.073    0.0  2.575 -999.9    330
BEOU 2015  5  9 129   29.4   37.4 23.600  7.259    0.0  2.587 -999.9    330
BEOU 2015  5 10 130   23.2   38.3 23.300  6.976   11.7  2.588 -999.9    330
BEOU 2015  5 11 131   23.7   34.3 26.200  6.934    2.3  2.577 -999.9    330
BEOU 2015  5 12 132   27.2   37.2 26.200  7.465    0.0  2.568 -999.9    330
BEOU 2015  5 13 133   25.5   37.6 24.500  7.155    0.0  2.571 -999.9    330
BEOU 2015  5 14 134   28.0   38.4 25.100  7.464    0.1  2.564 -999.9    330
BEOU 2015  5 15 135   26.6   32.9  7.600  4.359    0.0  2.566 -999.9    330
BEOU 2015  5 16 136   26.7   37.5 17.900  6.196    0.0  2.575 -999.9    330
BEOU 2015  5 17 137   28.6   40.4 23.000  7.385    0.0  2.580 -999.9    330
BEOU 2015  5 18 138   28.5   37.9 20.200  6.658    0.0  2.562 -999.9    330
BEOU 2015  5 19 139   28.6   36.6 24.300  7.140    0.0  2.550 -999.9    330
BEOU 2015  5 20 140   28.2   39.4 22.700  7.166    0.0  2.543 -999.9    330
BEOU 2015  5 21 141   27.6   38.6 26.300  7.598    0.0  2.550 -999.9    330
BEOU 2015  5 22 142   29.7   35.9 18.200  6.196    0.0  2.568 -999.9    330
BEOU 2015  5 23 143   25.2   37.4 23.700  6.942    4.3  2.573 -999.9    330
BEOU 2015  5 24 144   24.5   34.7 20.500  6.154    0.0  2.557 -999.9    330
BEOU 2015  5 25 145   27.4   38.3 27.000  7.636    0.0  2.532 -999.9    330
BEOU 2015  5 26 146   28.7   37.9 24.500  7.247    6.8  2.509 -999.9    330
BEOU 2015  5 27 147   27.2   36.6 22.900  6.757    0.0  2.493 -999.9    330
BEOU 2015  5 28 148   28.4   36.3 21.900  6.627    0.0  2.483 -999.9    330
BEOU 2015  5 29 149   26.4   35.7 22.900  6.615    0.0  2.481 -999.9    330
BEOU 2015  5 30 150   24.9   36.2 23.800  6.691    0.1  2.457 -999.9    330
BEOU 2015  5 31 151   28.6   37.2 23.500  6.925    0.0  2.426 -999.9    330
BEOU 2015  6  1 152   21.8   33.8 19.200  5.603   11.1  2.401 -999.9    330
BEOU 2015  6  2 153   26.7   34.6 21.200  6.148    0.0  2.375 -999.9    330
BEOU 2015  6  3 154   23.2   34.2 22.800  6.151    0.0  2.381 -999.9    330
BEOU 2015  6  4 155   26.4   36.3 22.600  6.494    0.0  2.378 -999.9    330
BEOU 2015  6  5 156   27.0   32.4 17.300  5.413    0.0  2.369 -999.9    330
BEOU 2015  6  6 157   25.6   35.7 25.000  6.715    0.0  2.333 -999.9    330
BEOU 2015  6  7 158   27.6   37.5 23.000  6.673    0.0  2.309 -999.9    330
BEOU 2015  6  8 159   27.9   38.1 23.100  6.727    0.7  2.286 -999.9    330
BEOU 2015  6  9 160   25.3   35.6 22.900  6.313    0.0  2.289 -999.9    330
BEOU 2015  6 10 161   24.0   36.8 22.500  6.325   10.7  2.294 -999.9    330
BEOU 2015  6 11 162   23.5   33.7 19.500  5.589    0.3  2.303 -999.9    330
BEOU 2015  6 12 163   26.5   34.4 20.600  5.970    0.0  2.326 -999.9    330
BEOU 2015  6 13 164   22.9   34.0 19.100  5.540   10.2  2.316 -999.9    330
BEOU 2015  6 14 165   26.0   34.5 22.100  6.139    0.0  2.307 -999.9    330
BEOU 2015  6 15 166   22.1   33.8 23.600  6.075    0.4  2.307 -999.9    330
BEOU 2015  6 16 167   24.9   33.8 19.900  5.693    0.0  2.314 -999.9    330
BEOU 2015  6 17 168   26.8   34.6 20.000  5.869    0.0  2.311 -999.9    330
BEOU 2015  6 18 169   26.7   32.1 13.000  4.660    0.0  2.300 -999.9    330
BEOU 2015  6 19 170   24.9   35.2 24.900  6.522    0.0  2.303 -999.9    330
BEOU 2015  6 20 171   25.3   35.9 18.700  5.667    5.0  2.293 -999.9    330
BEOU 2015  6 21 172   23.1   34.4 24.400  6.221   28.1  2.275 -999.9    330
BEOU 2015  6 22 173   26.0   34.8 23.900  6.309    0.0  2.236 -999.9    330
BEOU 2015  6 23 174   27.1   34.7 22.500  6.131    0.0  2.217 -999.9    330
BEOU 2015  6 24 175   21.7   31.4 22.300  5.512   22.6  2.210 -999.9    330
BEOU 2015  6 25 176   25.5   34.2 24.600  6.285    0.0  2.203 -999.9    330
BEOU 2015  6 26 177   25.5   33.8 19.600  5.498    0.0  2.205 -999.9    330
BEOU 2015  6 27 178   24.7   34.5 25.400  6.366    7.5  2.205 -999.9    330
BEOU 2015  6 28 179   24.7   32.9 23.600  5.944    0.0  2.199 -999.9    330
BEOU 2015  6 29 180   25.5   33.0 21.500  5.682    0.0  2.175 -999.9    330
BEOU 2015  6 30 181   25.7   34.0 25.000  6.295    0.0  2.177 -999.9    330
BEOU 2015  7  1 182   25.6   34.5 23.700  6.153    1.9  2.189 -999.9    330
BEOU 2015  7  2 183   20.9   28.9  8.000  3.408   25.7  2.195 -999.9    330
BEOU 2015  7  3 184   24.1   31.0 14.900  4.520    0.0  2.182 -999.9    330
BEOU 2015  7  4 185   24.4   32.8 22.900  5.772    0.0  2.154 -999.9    330
BEOU 2015  7  5 186   22.6   34.9 21.600  5.659   21.0  2.132 -999.9    330
BEOU 2015  7  6 187   23.8   33.6 25.400  6.139    0.0  2.123 -999.9    330
BEOU 2015  7  7 188   23.8   33.6 24.200  5.968   12.3  2.123 -999.9    330
BEOU 2015  7  8 189   23.9   33.1 19.300  5.216    4.1  2.133 -999.9    330
BEOU 2015  7  9 190   22.4   32.5 18.400  4.951   16.1  2.124 -999.9    330
BEOU 2015  7 10 191   22.5   32.7 21.500  5.385    1.6  2.101 -999.9    330
BEOU 2015  7 11 192   23.7   33.2 25.100  5.982    0.0  2.080 -999.9    330
BEOU 2015  7 12 193   22.1   29.4  7.600  3.212   34.8  2.082 -999.9    330
BEOU 2015  7 13 194   22.2   29.7 21.600  5.095    0.0  2.092 -999.9    330
BEOU 2015  7 14 195   23.6   32.3 23.000  5.569    0.0  2.096 -999.9    330
BEOU 2015  7 15 196   23.2   32.0 19.900  5.070    0.0  2.093 -999.9    330
BEOU 2015  7 16 197   23.6   32.0 24.100  5.680    0.0  2.082 -999.9    330
BEOU 2015  7 17 198   24.5   29.6 18.700  4.753    0.0  2.070 -999.9    330
BEOU 2015  7 18 199   23.8   34.0 25.000  5.966    0.0  2.038 -999.9    330
BEOU 2015  7 19 200   26.4   33.1 20.900  5.395    0.0  2.036 -999.9    330
BEOU 2015  7 20 201   22.0   27.6  9.500  3.241  109.0  2.034 -999.9    330
BEOU 2015  7 21 202   23.9   29.0 15.200  4.127    0.3  2.016 -999.9    330
BEOU 2015  7 22 203   23.5   29.9 20.200  4.836    0.0  1.989 -999.9    330
BEOU 2015  7 23 204   22.0   31.3 23.100  5.253    0.0  1.951 -999.9    330
BEOU 2015  7 24 205   23.7   30.8 19.700  4.798    0.0  1.943 -999.9    330
BEOU 2015  7 25 206   23.6   32.1 19.600  4.858    0.7  1.934 -999.9    330
BEOU 2015  7 26 207   24.0   29.6 11.200  3.482    0.8  1.924 -999.9    330
BEOU 2015  7 27 208   22.9   27.5  8.300  2.940    4.5  1.897 -999.9    330
BEOU 2015  7 28 209   22.2   29.0 17.900  4.287    0.8  1.895 -999.9    330
BEOU 2015  7 29 210   23.4   30.4 20.100  4.738    0.0  1.885 -999.9    330
BEOU 2015  7 30 211   23.5   31.9 20.100  4.836    0.0  1.872 -999.9    330
BEOU 2015  7 31 212   23.5   31.9 23.000  5.263    0.0  1.852 -999.9    330
BEOU 2015  8  1 213   24.9   33.1 23.000  5.433    0.0  1.851 -999.9    330
BEOU 2015  8  2 214   22.6   29.8 16.300  4.079   18.2  1.853 -999.9    330
BEOU 2015  8  3 215   24.4   30.9 20.000  4.765    0.2  1.844 -999.9    330
BEOU 2015  8  4 216   22.1   30.4 15.400  3.945  109.8  1.829 -999.9    330
BEOU 2015  8  5 217   22.5   28.9 15.800  3.918    7.1  1.804 -999.9    330
BEOU 2015  8  6 218   22.6   31.3 20.800  4.782    0.0  1.783 -999.9    330
BEOU 2015  8  7 219   22.0   25.7  5.600  2.342   28.0  1.767 -999.9    330
BEOU 2015  8  8 220   22.4   30.3 19.000  4.410    0.0  1.752 -999.9    330
BEOU 2015  8  9 221   22.2   32.0 17.200  4.230   10.7  1.720 -999.9    330
BEOU 2015  8 10 222   21.8   30.2 15.900  3.899   29.1  1.705 -999.9    330
BEOU 2015  8 11 223   23.9   30.8 23.700  5.182    0.0  1.672 -999.9    330
BEOU 2015  8 12 224   22.7   30.6 15.100  3.811   24.8  1.659 -999.9    330
BEOU 2015  8 13 225   23.1   32.2 23.500  5.209    0.0  1.649 -999.9    330
BEOU 2015  8 14 226   21.5   26.6  5.000  2.173   13.0  1.628 -999.9    330
BEOU 2015  8 15 227   22.1   30.3 17.800  4.143    1.0  1.602 -999.9    330
BEOU 2015  8 16 228   24.0   30.6 21.000  4.726    0.0  1.602 -999.9    330
BEOU 2015  8 17 229   22.9   30.4 11.300  3.199   11.5  1.593 -999.9    330
BEOU 2015  8 18 230   23.3   29.7 15.900  3.858    5.8  1.576 -999.9    330
BEOU 2015  8 19 231   22.0   30.0 13.400  3.455    3.5  1.571 -999.9    330
BEOU 2015  8 20 232   22.2   29.9 16.300  3.880    0.0  1.561 -999.9    330
BEOU 2015  8 21 233   20.7   29.1 13.000  3.307   28.5  1.545 -999.9    330
BEOU 2015  8 22 234   22.5   31.4 21.300  4.727    0.0  1.532 -999.9    330
BEOU 2015  8 23 235   24.5   32.6 20.900  4.835    0.0  1.523 -999.9    330
BEOU 2015  8 24 236   24.0   29.6 13.100  3.427    0.4  1.509 -999.9    330
BEOU 2015  8 25 237   24.0   30.6 17.800  4.201    0.0  1.520 -999.9    330
BEOU 2015  8 26 238   20.9   25.4  2.000  1.669   81.3  1.514 -999.9    330
BEOU 2015  8 27 239   20.8   29.9 22.500  4.702    0.0  1.489 -999.9    330
BEOU 2015  8 28 240   24.0   29.7 16.500  3.942    3.3  1.472 -999.9    330
BEOU 2015  8 29 241   22.9   27.1 14.400  3.459   49.7  1.460 -999.9    330
BEOU 2015  8 30 242   23.2   30.7 18.000  4.188    0.1  1.455 -999.9    330
BEOU 2015  8 31 243   21.6   31.2 18.900  4.285    2.6  1.448 -999.9    330
BEOU 2015  9  1 244   21.4   27.3  9.800  2.780   20.1  1.462 -999.9    330
BEOU 2015  9  2 245   22.8   30.5 22.500  4.834    0.0  1.443 -999.9    330
BEOU 2015  9  3 246   22.1   29.6 12.600  3.274   25.2  1.430 -999.9    330
BEOU 2015  9  4 247   22.0   31.0 19.600  4.386    3.7  1.411 -999.9    330
BEOU 2015  9  5 248   21.8   31.7 16.200  3.910   21.8  1.412 -999.9    330
BEOU 2015  9  6 249   23.7   31.1 15.700  3.875    0.2  1.419 -999.9    330
BEOU 2015  9  7 250   24.5   31.3 24.700  5.324   22.4  1.409 -999.9    330
BEOU 2015  9  8 251   21.9   31.0 21.200  4.638    3.5  1.414 -999.9    330
BEOU 2015  9  9 252   24.4   29.9 15.300  3.783    0.3  1.402 -999.9    330
BEOU 2015  9 10 253   23.3   33.4 24.700  5.435    0.0  1.404 -999.9    330
BEOU 2015  9 11 254   21.3   33.5 19.200  4.478   28.9  1.387 -999.9    330
BEOU 2015  9 12 255   22.0   32.8 24.100  5.225    0.1  1.392 -999.9    330
BEOU 2015  9 13 256   24.3   32.2 21.400  4.882    0.0  1.418 -999.9    330
BEOU 2015  9 14 257   23.7   31.1 17.800  4.237    0.0  1.435 -999.9    330
BEOU 2015  9 15 258   23.9   31.1 17.900  4.260    5.1  1.436 -999.9    330
BEOU 2015  9 16 259   22.3   31.6 24.500  5.212    0.0  1.417 -999.9    330
BEOU 2015  9 17 260   23.0   29.8 14.300  3.625    9.1  1.433 -999.9    330
BEOU 2015  9 18 261   22.7   31.6 21.200  4.747    0.0  1.446 -999.9    330
BEOU 2015  9 19 262   23.8   32.1 19.800  4.629    0.0  1.465 -999.9    330
BEOU 2015  9 20 263   23.0   34.2 18.100  4.485   16.9  1.486 -999.9    330
BEOU 2015  9 21 264   22.9   30.3 15.000  3.794   11.9  1.505 -999.9    330
BEOU 2015  9 22 265   21.8   31.7 20.000  4.583    0.8  1.525 -999.9    330
BEOU 2015  9 23 266   23.3   33.0 22.800  5.175    0.0  1.532 -999.9    330
BEOU 2015  9 24 267   22.6   34.4 24.500  5.521    0.0  1.534 -999.9    330
BEOU 2015  9 25 268   22.8   32.7 23.700  5.270    0.5  1.545 -999.9    330
BEOU 2015  9 26 269   23.1   32.9 23.700  5.319    2.1  1.582 -999.9    330
BEOU 2015  9 27 270   23.0   34.4 23.700  5.439    0.0  1.586 -999.9    330
BEOU 2015  9 28 271   22.0   31.3 13.100  3.588   12.0  1.567 -999.9    330
BEOU 2015  9 29 272   21.6   31.5 20.800  4.694    0.6  1.568 -999.9    330
BEOU 2015  9 30 273   21.7   31.1 13.400  3.607    6.6  1.568 -999.9    330
BEOU 2015 10  1 274   22.4   33.3 23.700  5.286    0.0  1.539 -999.9    330
BEOU 2015 10  2 275   22.8   34.9 23.000  5.327    2.0  1.520 -999.9    330
BEOU 2015 10  3 276   22.1   31.8 21.900  4.876    0.0  1.517 -999.9    330
BEOU 2015 10  4 277   21.6   32.0 10.900  3.281   25.9  1.523 -999.9    330
BEOU 2015 10  5 278   21.8   33.0 21.300  4.863    0.0  1.510 -999.9    330
BEOU 2015 10  6 279   21.5   33.4 17.400  4.306   13.6  1.498 -999.9    330
BEOU 2015 10  7 280   23.0   32.4 18.400  4.443    0.0  1.491 -999.9    330
BEOU 2015 10  8 281   22.8   32.7 21.200  4.882    0.0  1.509 -999.9    330
BEOU 2015 10  9 282   23.8   34.5 23.700  5.457    0.1  1.501 -999.9    330
BEOU 2015 10 10 283   22.6   33.5 17.700  4.414   22.4  1.493 -999.9    330
BEOU 2015 10 11 284   22.6   33.8 23.000  5.244   10.7  1.514 -999.9    330
BEOU 2015 10 12 285   23.0   33.8 20.500  4.897    0.0  1.523 -999.9    330
BEOU 2015 10 13 286   22.6   33.0 24.200  5.365    0.0  1.527 -999.9    330
BEOU 2015 10 14 287   24.8   33.8 24.200  5.552    0.0  1.527 -999.9    330
BEOU 2015 10 15 288   22.9   34.4 24.300  5.533    0.2  1.529 -999.9    330
BEOU 2015 10 16 289   22.7   34.6 24.600  5.588    0.0  1.536 -999.9    330
BEOU 2015 10 17 290   22.3   35.2 24.700  5.646    4.8  1.540 -999.9    330
BEOU 2015 10 18 291   22.8   33.8 19.800  4.832    0.0  1.536 -999.9    330
BEOU 2015 10 19 292   22.9   35.5 23.900  5.591    0.0  1.534 -999.9    330
BEOU 2015 10 20 293   22.7   32.7 19.900  4.778    0.0  1.532 -999.9    330
BEOU 2015 10 21 294   20.9   35.7 21.600  5.194    2.1  1.519 -999.9    330
BEOU 2015 10 22 295   22.8   33.4 20.800  4.970    0.0  1.505 -999.9    330
BEOU 2015 10 23 296   22.9   34.0 24.200  5.496    0.0  1.479 -999.9    330
BEOU 2015 10 24 297   24.5   35.0 24.400  5.682    0.0  1.457 -999.9    330
BEOU 2015 10 25 298   24.6   33.9 24.000  5.521    0.0  1.445 -999.9    330
BEOU 2015 10 26 299   22.0   33.2 23.200  5.220    0.0  1.426 -999.9    330
BEOU 2015 10 27 300   23.6   35.9 20.600  5.149    0.0  1.418 -999.9    330
BEOU 2015 10 28 301   22.3   35.0 22.000  5.231    0.0  1.410 -999.9    330
BEOU 2015 10 29 302   21.9   35.5 20.800  5.097   13.3  1.406 -999.9    330
BEOU 2015 10 30 303   21.9   35.1 23.200  5.393    0.0  1.399 -999.9    330
BEOU 2015 10 31 304   23.2   34.5 18.400  4.750    0.1  1.403 -999.9    330
BEOU 2015 11  1 305   24.3   32.3 14.000  4.075    0.0  1.411 -999.9    330
BEOU 2015 11  2 306   21.9   35.3 21.500  5.222    0.0  1.423 -999.9    330
BEOU 2015 11  3 307   20.7   35.5 23.100  5.427    0.0  1.431 -999.9    330
BEOU 2015 11  4 308   18.9   35.4 23.200  5.399    0.1  1.449 -999.9    330
BEOU 2015 11  5 309   19.5   35.1 21.600  5.209    0.0  1.461 -999.9    330
BEOU 2015 11  6 310   19.6   34.7 20.400  5.058    0.2  1.474 -999.9    330
BEOU 2015 11  7 311   18.8   35.0 20.900  5.146    0.2  1.494 -999.9    330
BEOU 2015 11  8 312   19.3   35.5 21.000  5.250    0.2  1.507 -999.9    330
BEOU 2015 11  9 313   20.7   36.6 21.300  5.470    0.1  1.531 -999.9    330
BEOU 2015 11 10 314   21.5   36.8 21.200  5.531    0.0  1.545 -999.9    330
BEOU 2015 11 11 315   20.2   35.9 19.600  5.255    0.1  1.558 -999.9    330
BEOU 2015 11 12 316   18.7   36.1 20.000  5.301    0.0  1.565 -999.9    330
BEOU 2015 11 13 317   19.8   36.8 21.000  5.539    0.0  1.580 -999.9    330
BEOU 2015 11 14 318   15.7   36.4 22.400  5.589    0.0  1.585 -999.9    330
BEOU 2015 11 15 319   15.6   37.1 22.000  5.652    0.0  1.599 -999.9    330
BEOU 2015 11 16 320   16.9   36.6 21.700  5.616    0.0  1.614 -999.9    330
BEOU 2015 11 17 321   17.2   36.3 20.800  5.501    0.0  1.607 -999.9    330
BEOU 2015 11 18 322   16.8   36.7 22.100  5.682    0.0  1.609 -999.9    330
BEOU 2015 11 19 323   17.6   36.7 19.900  5.506    0.0  1.629 -999.9    330
BEOU 2015 11 20 324   18.4   36.6 19.800  5.529    0.0  1.641 -999.9    330
BEOU 2015 11 21 325   16.5   36.0 18.900  5.377    0.0  1.657 -999.9    330
BEOU 2015 11 22 326   16.1   37.6 20.900  5.757    0.0  1.667 -999.9    330
BEOU 2015 11 23 327   17.0   37.7 20.300  5.711    0.0  1.661 -999.9    330
BEOU 2015 11 24 328   18.8   38.4 20.100  5.799    0.0  1.666 -999.9    330
BEOU 2015 11 25 329   17.2   39.2 21.500  6.049    0.0  1.687 -999.9    330
BEOU 2015 11 26 330   17.3   38.1 19.500  5.728    0.1  1.688 -999.9    330
BEOU 2015 11 27 331   18.9   38.0 20.000  5.796    0.0  1.697 -999.9    330
BEOU 2015 11 28 332   16.9   38.6 21.000  5.993    0.0  1.734 -999.9    330
BEOU 2015 11 29 333   17.2   39.3 21.400  6.114    0.0  1.733 -999.9    330
BEOU 2015 11 30 334   15.0   38.4 20.600  5.941    0.0  1.751 -999.9    330
BEOU 2015 12  1 335   15.4   37.0 20.700  5.845    0.0  1.785 -999.9    330
BEOU 2015 12  2 336   19.2   33.8 16.700  5.266    0.0  1.821 -999.9    330
BEOU 2015 12  3 337   20.5   32.7 15.700  5.194    0.0  1.873 -999.9    330
BEOU 2015 12  4 338   17.4   33.1 17.900  5.422    0.0  1.922 -999.9    330
BEOU 2015 12  5 339   17.5   34.0 18.000  5.567    0.0  1.941 -999.9    330
BEOU 2015 12  6 340   18.2   33.7 16.100  5.488    0.0  1.993 -999.9    330
BEOU 2015 12  7 341   18.8   32.8 14.800  5.421    0.0  2.063 -999.9    330
BEOU 2015 12  8 342   17.4   34.7 18.600  5.981    0.0  2.112 -999.9    330
BEOU 2015 12  9 343   15.4   34.8 19.300  6.122    0.0  2.170 -999.9    330
BEOU 2015 12 10 344   13.5   36.1 18.400  6.330    0.0  2.235 -999.9    330
BEOU 2015 12 11 345   17.7   35.3 18.100  6.300    0.0  2.278 -999.9    330
BEOU 2015 12 12 346   18.4   34.4 16.700  6.177    0.0  2.321 -999.9    330
BEOU 2015 12 13 347   15.7   33.6 19.900  6.324    0.0  2.360 -999.9    330
BEOU 2015 12 14 348   13.0   34.1 18.600  6.354    0.0  2.404 -999.9    330
BEOU 2015 12 15 349   16.0   33.8 19.400  6.501    0.0  2.477 -999.9    330
BEOU 2015 12 16 350   12.6   34.4 20.300  6.680    0.0  2.515 -999.9    330
BEOU 2015 12 17 351   14.5   33.3 21.400  6.631    0.0  2.533 -999.9    330
BEOU 2015 12 18 352   12.8   32.8 20.900  6.542    0.0  2.552 -999.9    330
BEOU 2015 12 19 353   15.6   32.0 19.100  6.388    0.0  2.567 -999.9    330
BEOU 2015 12 20 354   15.1   33.1 19.700  6.622    0.0  2.597 -999.9    330
BEOU 2015 12 21 355   16.9   33.7 16.200  6.574    0.0  2.633 -999.9    330
BEOU 2015 12 22 356   18.1   33.4 15.700  6.567    0.0  2.652 -999.9    330
BEOU 2015 12 23 357   16.9   33.6 19.400  6.811    0.0  2.650 -999.9    330
BEOU 2015 12 24 358   16.5   33.0 18.300  6.635    0.0  2.633 -999.9    330
BEOU 2015 12 25 359   17.3   31.8 16.400  6.368    0.0  2.621 -999.9    330
BEOU 2015 12 26 360   18.0   33.0 17.400  6.650    0.0  2.652 -999.9    330
BEOU 2015 12 27 361   16.4   34.2 18.100  6.890    0.0  2.687 -999.9    330
BEOU 2015 12 28 362   16.2   35.7 18.400  7.144    0.0  2.695 -999.9    330
BEOU 2015 12 29 363   17.8   35.8 19.000  7.234    0.0  2.711 -999.9    330
BEOU 2015 12 30 364   13.6   36.6 20.900  7.440    0.0  2.690 -999.9    330
BEOU 2015 12 31 365   15.9   33.9 18.700  6.836    0.0  2.657 -999.9    330
