RWBU 2014  1  1   1   17.2   27.7 13.068  2.697    0.2  0.196 -999.9    330
RWBU 2014  1  2   2   17.4   27.8 10.933  2.337    0.0  0.083 -999.9    330
RWBU 2014  1  3   3   16.6   28.3 16.924  3.322    0.0  0.208 -999.9    330
RWBU 2014  1  4   4   16.2   30.4 23.432  4.427    0.0  0.217 -999.9    330
RWBU 2014  1  5   5   17.1   31.2 24.520  4.657    0.0  0.275 -999.9    330
RWBU 2014  1  6   6   18.6   30.8 20.779  4.141    0.0  0.338 -999.9    330
RWBU 2014  1  7   7   17.2   29.4 14.321  2.981    0.0  0.271 -999.9    330
RWBU 2014  1  8   8   17.9   29.6 12.190  2.642    0.4  0.250 -999.9    330
RWBU 2014  1  9   9   17.7   26.2 12.391  2.561    0.0  0.179 -999.9    330
RWBU 2014  1 10  10   16.6   27.8  9.904  2.171    0.0  0.138 -999.9    330
RWBU 2014  1 11  11   15.8   29.5 17.806  3.515    0.0  0.292 -999.9    330
RWBU 2014  1 12  12   16.3   29.8 15.995  3.240    0.0  0.250 -999.9    330
RWBU 2014  1 13  13   16.3   30.3 21.359  4.130    0.0  0.304 -999.9    330
RWBU 2014  1 14  14   16.7   31.1 17.528  3.593    0.0  0.363 -999.9    330
RWBU 2014  1 15  15   16.8   26.7 11.542  2.414   21.8  0.171 -999.9    330
RWBU 2014  1 16  16   16.3   28.3 19.688  3.762    0.2  0.192 -999.9    330
RWBU 2014  1 17  17   16.4   29.5 18.295  3.609    0.0  0.254 -999.9    330
RWBU 2014  1 18  18   17.1   30.5 20.912  4.147    0.0  0.433 -999.9    330
RWBU 2014  1 19  19   18.3   30.6 19.786  3.963    0.0  0.279 -999.9    330
RWBU 2014  1 20  20   18.5   27.6 10.760  2.357    0.2  0.188 -999.9    330
RWBU 2014  1 21  21   17.9   27.9 16.927  3.369    0.0  0.238 -999.9    330
RWBU 2014  1 22  22   16.9   30.8 19.426  3.925    0.0  0.438 -999.9    330
RWBU 2014  1 23  23   18.3   28.7 12.553  2.731    0.2  0.375 -999.9    330
RWBU 2014  1 24  24   16.3   29.7 18.151  3.594    0.0  0.250 -999.9    330
RWBU 2014  1 25  25   16.7   31.2 22.133  4.389    0.0  0.458 -999.9    330
RWBU 2014  1 26  26   17.1   31.3 21.960  4.338    0.0  0.329 -999.9    330
RWBU 2014  1 27  27   17.8   30.9 20.747  4.163    0.0  0.388 -999.9    330
RWBU 2014  1 28  28   16.3   29.0  9.702  2.185    4.8  0.229 -999.9    330
RWBU 2014  1 29  29   15.0   29.7 20.999  4.005    0.2  0.213 -999.9    330
RWBU 2014  1 30  30   16.5   31.3 20.110  3.996    0.0  0.246 -999.9    330
RWBU 2014  1 31  31   15.8   30.6 18.896  3.753    0.0  0.288 -999.9    330
RWBU 2014  2  1  32   16.8   28.8 13.162  2.784    0.0  0.271 -999.9    330
RWBU 2014  2  2  33   15.8   25.3 11.279  2.396    0.0  0.363 -999.9    330
RWBU 2014  2  3  34   14.8   31.3 22.205  4.337    0.0  0.417 -999.9    330
RWBU 2014  2  4  35   17.8   30.1 17.100  3.553    5.4  0.492 -999.9    330
RWBU 2014  2  5  36   16.2   23.3  8.953  1.945    2.6  0.396 -999.9    330
RWBU 2014  2  6  37   14.6   28.8 15.678  3.131    1.0  0.283 -999.9    330
RWBU 2014  2  7  38   17.7   28.4 13.730  2.888    0.0  0.283 -999.9    330
RWBU 2014  2  8  39   16.8   30.4 14.897  3.101    0.0  0.200 -999.9    330
RWBU 2014  2  9  40   17.7   27.2 10.447  2.303   36.4  0.233 -999.9    330
RWBU 2014  2 10  41   16.6   22.7  5.944  1.449   37.6  0.196 -999.9    330
RWBU 2014  2 11  42   16.8   28.3 18.400  3.608    0.2  0.192 -999.9    330
RWBU 2014  2 12  43   16.8   25.2 10.112  2.176   29.0  0.213 -999.9    330
RWBU 2014  2 13  44   17.0   28.7 19.246  3.764    0.4  0.192 -999.9    330
RWBU 2014  2 14  45   17.4   27.4 17.647  3.467    0.0  0.213 -999.9    330
RWBU 2014  2 15  46   18.2   27.0 13.079  2.736    0.0  0.204 -999.9    330
RWBU 2014  2 16  47   19.1   27.9 12.744  2.720    0.0  0.175 -999.9    330
RWBU 2014  2 17  48   17.2   28.1 17.060  3.378    0.0  0.154 -999.9    330
RWBU 2014  2 18  49   17.8   29.2 18.457  3.672    0.0  0.175 -999.9    330
RWBU 2014  2 19  50   19.3   29.7 13.964  3.026    0.0  0.292 -999.9    330
RWBU 2014  2 20  51   16.6   23.8  6.361  1.559    1.4  0.208 -999.9    330
RWBU 2014  2 21  52   16.2   28.1 15.368  3.084    0.2  0.100 -999.9    330
RWBU 2014  2 22  53   17.5   30.3 20.387  4.023    0.0  0.171 -999.9    330
RWBU 2014  2 23  54   17.7   29.9 20.653  4.167    0.0  0.546 -999.9    330
RWBU 2014  2 24  55   17.2   25.9  7.708  1.807   10.6  0.288 -999.9    330
RWBU 2014  2 25  56   16.6   25.8 12.805  2.611    1.6  0.100 -999.9    330
RWBU 2014  2 26  57   17.7   27.6 12.614  2.656    3.8  0.142 -999.9    330
RWBU 2014  2 27  58   16.3   28.8 19.793  3.864    0.2  0.171 -999.9    330
RWBU 2014  2 28  59   16.7   30.1 22.428  4.345    0.0  0.154 -999.9    330
RWBU 2014  3  1  60   17.1   30.9 23.152  4.490    0.0  0.208 -999.9    330
RWBU 2014  3  2  61   18.3   31.2 22.849  4.536    0.0  0.333 -999.9    330
RWBU 2014  3  3  62   17.3   31.4 22.558  4.407    0.0  0.238 -999.9    330
RWBU 2014  3  4  63   16.6   31.9 23.411  4.563    0.0  0.292 -999.9    330
RWBU 2014  3  5  64   19.4   31.1 21.755  4.336    0.0  0.275 -999.9    330
RWBU 2014  3  6  65   17.9   30.5 16.873  3.503    0.0  0.288 -999.9    330
RWBU 2014  3  7  66   18.4   28.9 16.150  3.296    0.0  0.188 -999.9    330
RWBU 2014  3  8  67   17.8   30.5 20.131  4.044    0.0  0.342 -999.9    330
RWBU 2014  3  9  68   17.6   32.3 21.510  4.344    0.0  0.313 -999.9    330
RWBU 2014  3 10  69   17.9   30.1 15.275  3.170    0.6  0.188 -999.9    330
RWBU 2014  3 11  70   17.7   24.4  6.149  1.543    1.2  0.121 -999.9    330
RWBU 2014  3 12  71   16.3   24.8  9.270  2.021    0.4  0.196 -999.9    330
RWBU 2014  3 13  72   16.2   24.0  7.589  1.729    0.6  0.158 -999.9    330
RWBU 2014  3 14  73   15.6   25.3  9.104  2.005    0.2  0.267 -999.9    330
RWBU 2014  3 15  74   17.0   27.8 11.354  2.440   46.6  0.188 -999.9    330
RWBU 2014  3 16  75   15.5   28.1 19.969  3.817    0.0  0.133 -999.9    330
RWBU 2014  3 17  76   18.4   28.5 16.859  3.414    0.2  0.158 -999.9    330
RWBU 2014  3 18  77   16.7   30.6 21.719  4.298   16.6  0.154 -999.9    330
RWBU 2014  3 19  78   18.2   29.6 19.796  3.941    0.4  0.138 -999.9    330
RWBU 2014  3 20  79   17.1   27.9 15.386  3.090    0.2  0.117 -999.9    330
RWBU 2014  3 21  80   16.6   29.8 20.797  4.056    0.0  0.263 -999.9    330
RWBU 2014  3 22  81   17.5   30.8 18.500  3.770    0.0  0.275 -999.9    330
RWBU 2014  3 23  82   17.1   28.9 17.219  3.454    2.0  0.238 -999.9    330
RWBU 2014  3 24  83   17.9   22.4  7.960  1.783    4.0  0.138 -999.9    330
RWBU 2014  3 25  84   15.7   29.4 20.941  4.036    0.4  0.208 -999.9    330
RWBU 2014  3 26  85   18.2   26.2 10.555  2.271    1.2  0.088 -999.9    330
RWBU 2014  3 27  86   17.7   30.5 18.054  3.692    0.0  0.333 -999.9    330
RWBU 2014  3 28  87   16.6   21.2  4.180  1.163   10.2  0.196 -999.9    330
RWBU 2014  3 29  88   15.2   26.8 15.448  3.017    0.2  0.100 -999.9    330
RWBU 2014  3 30  89   16.9   30.0 17.316  3.484    0.2  0.138 -999.9    330
RWBU 2014  3 31  90   16.1   28.9 18.248  3.525    0.0  0.100 -999.9    330
RWBU 2014  4  1  91   17.6   25.8 12.251  2.553    0.0  0.271 -999.9    330
RWBU 2014  4  2  92   15.7   28.1 15.037  2.994    0.0  0.133 -999.9    330
RWBU 2014  4  3  93   15.9   30.2 22.316  4.247    0.0  0.171 -999.9    330
RWBU 2014  4  4  94   17.6   29.3 13.730  2.864    0.0  0.167 -999.9    330
RWBU 2014  4  5  95   17.7   24.5  8.662  1.922    0.6  0.158 -999.9    330
RWBU 2014  4  6  96   16.2   28.3 13.187  2.715    3.0  0.233 -999.9    330
RWBU 2014  4  7  97   15.3   25.9 13.939  2.746    0.2  0.271 -999.9    330
RWBU 2014  4  8  98   16.8   23.2 10.069  2.096    3.0  0.225 -999.9    330
RWBU 2014  4  9  99   16.2   29.9 23.321  4.441    0.2  0.246 -999.9    330
RWBU 2014  4 10 100   16.2   29.3 23.371  4.400    0.0  0.313 -999.9    330
RWBU 2014  4 11 101   16.8   29.1 19.116  3.748    0.0  0.379 -999.9    330
RWBU 2014  4 12 102   18.4   26.4 14.296  2.879   14.2  0.167 -999.9    330
RWBU 2014  4 13 103   18.6   27.3 14.839  3.003    0.2  0.204 -999.9    330
RWBU 2014  4 14 104   17.9   27.9 13.072  2.719    0.0  0.213 -999.9    330
RWBU 2014  4 15 105   17.3   28.1 15.764  3.124    0.0  0.150 -999.9    330
RWBU 2014  4 16 106   18.4   27.1 14.382  2.910    7.8  0.158 -999.9    330
RWBU 2014  4 17 107   17.2   27.9 17.086  3.351    3.2  0.171 -999.9    330
RWBU 2014  4 18 108   17.4   23.2  8.060  1.768   27.8  0.104 -999.9    330
RWBU 2014  4 19 109   16.7   23.8  8.316  1.810   13.8  0.071 -999.9    330
RWBU 2014  4 20 110   16.9   26.1 14.713  2.885    0.0  0.154 -999.9    330
RWBU 2014  4 21 111   17.1   26.3 13.082  2.635   13.8  0.154 -999.9    330
RWBU 2014  4 22 112   16.7   28.1 19.390  3.698    0.2  0.158 -999.9    330
RWBU 2014  4 23 113   18.3   28.8 19.267  3.756    0.6  0.171 -999.9    330
RWBU 2014  4 24 114   17.5   28.3 14.616  2.958    0.0  0.258 -999.9    330
RWBU 2014  4 25 115   17.2   27.8 15.527  3.071    0.2  0.213 -999.9    330
RWBU 2014  4 26 116   17.3   28.6 18.821  3.630    0.0  0.283 -999.9    330
RWBU 2014  4 27 117   17.4   27.8 17.510  3.358    0.0  0.204 -999.9    330
RWBU 2014  4 28 118   16.9   29.7 19.163  3.694    0.0  0.254 -999.9    330
RWBU 2014  4 29 119   16.6   30.6 19.555  3.734    0.0  0.154 -999.9    330
RWBU 2014  4 30 120   17.4   30.2 19.044  3.680    0.0  0.233 -999.9    330
RWBU 2014  5  1 121   17.8   29.8 18.061  3.517    0.0  0.213 -999.9    330
RWBU 2014  5  2 122   16.9   29.6 16.690  3.286    0.0  0.250 -999.9    330
RWBU 2014  5  3 123   18.8   28.3 12.298  2.584    0.0  0.196 -999.9    330
RWBU 2014  5  4 124   18.3   29.5 15.664  3.187    0.0  0.325 -999.9    330
RWBU 2014  5  5 125   19.6   29.6 18.324  3.667    0.0  0.400 -999.9    330
RWBU 2014  5  6 126   19.6   29.7 16.564  3.382    0.0  0.367 -999.9    330
RWBU 2014  5  7 127   18.2   29.6 15.664  3.179    0.0  0.325 -999.9    330
RWBU 2014  5  8 128   16.8   29.7 16.690  3.270    0.0  0.250 -999.9    330
RWBU 2014  5  9 129   17.8   29.9 18.061  3.496    0.0  0.213 -999.9    330
RWBU 2014  5 10 130   16.4   31.3 20.113  3.884    0.0  0.296 -999.9    330
RWBU 2014  5 11 131   16.6   23.9  8.309  1.780   14.2  0.071 -999.9    330
RWBU 2014  5 12 132   18.3   29.5 15.671  3.136    0.0  0.254 -999.9    330
RWBU 2014  5 13 133   19.6   29.6 18.324  3.640    0.0  0.400 -999.9    330
RWBU 2014  5 14 134   15.7   28.9 15.422  3.044    0.0  0.346 -999.9    330
RWBU 2014  5 15 135   17.8   30.3 19.210  3.662    0.0  0.304 -999.9    330
RWBU 2014  5 16 136   14.7   31.4 22.655  4.030    0.0  0.267 -999.9    330
RWBU 2014  5 17 137   15.1   30.3 22.741  4.148    0.0  0.313 -999.9    330
RWBU 2014  5 18 138   15.7   29.5 21.560  3.966    6.4  0.167 -999.9    330
RWBU 2014  5 19 139   15.0   30.8 21.928  3.917    0.0  0.275 -999.9    330
RWBU 2014  5 20 140   15.3   31.8 23.648  4.250    0.0  0.154 -999.9    330
RWBU 2014  5 21 141   17.6   32.0 20.358  3.849    0.0  0.229 -999.9    330
RWBU 2014  5 22 142   17.8   31.3 20.790  3.964    0.0  0.338 -999.9    330
RWBU 2014  5 23 143   17.5   30.5 20.081  3.852    0.0  0.346 -999.9    330
RWBU 2014  5 24 144   17.1   29.9 24.545  4.340    0.0  0.233 -999.9    330
RWBU 2014  5 25 145   17.0   30.4 21.913  4.022    0.0  0.288 -999.9    330
RWBU 2014  5 26 146   16.7   31.4 23.645  4.329    0.0  0.292 -999.9    330
RWBU 2014  5 27 147   19.3   30.8 22.273  4.181    0.0  0.336 -999.9    330
RWBU 2014  5 28 148   17.6   30.6 17.582  3.458    0.0  0.383 -999.9    330
RWBU 2014  5 29 149   18.2   30.6 16.038  3.178    0.0  0.271 -999.9    330
RWBU 2014  5 30 150   17.1   30.6 17.176  3.339    0.0  0.313 -999.9    330
RWBU 2014  5 31 151   16.3   30.7 16.974  3.297    0.0  0.333 -999.9    330
RWBU 2014  6  1 152   17.3   30.9 16.884  3.268    0.0  0.275 -999.9    330
RWBU 2014  6  2 153   16.3   31.3 16.186  3.177    0.0  0.296 -999.9    330
RWBU 2014  6  3 154   18.3   31.2 15.296  3.071    0.0  0.275 -999.9    330
RWBU 2014  6  4 155   18.8   27.3 10.213  2.263    0.0  0.329 -999.9    330
RWBU 2014  6  5 156   19.4   29.7 12.064  2.700    0.0  0.525 -999.9    330
RWBU 2014  6  6 157   17.9   30.5 11.257  2.480    1.6  0.379 -999.9    330
RWBU 2014  6  7 158   18.4   27.7 10.336  2.207    0.6  0.229 -999.9    330
RWBU 2014  6  8 159   19.9   26.9  9.040  2.100    0.0  0.342 -999.9    330
RWBU 2014  6  9 160   17.1   28.8 13.010  2.645    0.0  0.292 -999.9    330
RWBU 2014  6 10 161   16.6   31.4 15.563  3.107    0.0  0.313 -999.9    330
RWBU 2014  6 11 162   18.8   31.8 15.998  3.198    0.0  0.275 -999.9    330
RWBU 2014  6 12 163   17.6   31.3 15.138  3.049    0.0  0.313 -999.9    330
RWBU 2014  6 13 164   18.8   28.6  9.493  2.203    0.0  0.308 -999.9    330
RWBU 2014  6 14 165   18.6   23.6  4.021  1.207    0.4  0.138 -999.9    330
RWBU 2014  6 15 166   17.1   28.9 11.995  2.467    0.4  0.233 -999.9    330
RWBU 2014  6 16 167   16.8   31.2 10.523  2.312    0.0  0.271 -999.9    330
RWBU 2014  6 17 168   16.2   32.7 16.373  3.315    0.0  0.388 -999.9    330
RWBU 2014  6 18 169   17.1   32.8 15.451  3.281   38.6  0.583 -999.9    330
RWBU 2014  6 19 170   16.9   23.9  7.132  1.590    4.4  0.175 -999.9    330
RWBU 2014  6 20 171   18.0   28.8 16.250  3.100    0.2  0.213 -999.9    330
RWBU 2014  6 21 172   18.2   25.7 11.894  2.429    0.0  0.313 -999.9    330
RWBU 2014  6 22 173   17.7   24.9  9.425  2.092    0.0  0.350 -999.9    330
RWBU 2014  6 23 174   19.2   28.1 14.857  3.051    0.0  0.492 -999.9    330
RWBU 2014  6 24 175   17.5   29.7 17.309  3.338    0.0  0.392 -999.9    330
RWBU 2014  6 25 176   18.1   29.6 16.992  3.356    0.0  0.467 -999.9    330
RWBU 2014  6 26 177   16.7   29.8 16.456  3.192    0.0  0.379 -999.9    330
RWBU 2014  6 27 178   15.3   30.9 16.798  3.178    0.0  0.275 -999.9    330
RWBU 2014  6 28 179   18.0   30.8 16.657  3.254    0.0  0.317 -999.9    330
RWBU 2014  6 29 180   17.4   29.8 16.499  3.195    0.0  0.350 -999.9    330
RWBU 2014  6 30 181   16.1   29.6 15.761  3.070    0.0  0.367 -999.9    330
RWBU 2014  7  1 182   15.1   30.7 16.560  3.161    0.0  0.333 -999.9    330
RWBU 2014  7  2 183   15.3   30.9 16.934  3.206    0.0  0.313 -999.9    330
RWBU 2014  7  3 184   16.8   31.3 17.251  3.410    0.0  0.438 -999.9    330
RWBU 2014  7  4 185   16.8   30.0 16.920  3.355    0.0  0.488 -999.9    330
RWBU 2014  7  5 186   14.7   30.4 16.607  3.173    0.0  0.358 -999.9    330
RWBU 2014  7  6 187   16.5   30.7 15.469  3.083    0.0  0.358 -999.9    330
RWBU 2014  7  7 188   18.0   30.3 11.959  2.558    0.0  0.275 -999.9    330
RWBU 2014  7  8 189   16.3   32.6 15.390  3.113    0.0  0.308 -999.9    330
RWBU 2014  7  9 190   15.9   31.6 15.653  3.149    0.0  0.375 -999.9    330
RWBU 2014  7 10 191   17.4   29.4 12.654  2.687    0.0  0.358 -999.9    330
RWBU 2014  7 11 192   15.8   29.9 15.606  3.133    0.0  0.446 -999.9    330
RWBU 2014  7 12 193   16.9   29.8 15.178  3.060    0.0  0.396 -999.9    330
RWBU 2014  7 13 194   16.6   29.4 12.787  2.676    0.0  0.329 -999.9    330
RWBU 2014  7 14 195   15.4   32.9 15.437  3.154    0.0  0.350 -999.9    330
RWBU 2014  7 15 196   18.2   30.8 13.975  3.028    0.0  0.463 -999.9    330
RWBU 2014  7 16 197   19.6   29.4 15.923  3.290    0.0  0.483 -999.9    330
RWBU 2014  7 17 198   17.4   28.9 12.776  2.751    0.0  0.396 -999.9    330
RWBU 2014  7 18 199   17.1   31.3 13.604  2.832    0.0  0.296 -999.9    330
RWBU 2014  7 19 200   16.8   32.4 16.297  3.291    0.0  0.350 -999.9    330
RWBU 2014  7 20 201   19.7   31.3 12.326  2.926    0.0  0.583 -999.9    330
RWBU 2014  7 21 202   17.6   31.9 12.179  2.709    0.0  0.363 -999.9    330
RWBU 2014  7 22 203   17.3   30.5 14.386  2.981    0.0  0.363 -999.9    330
RWBU 2014  7 23 204   17.2   31.2 13.644  2.864    0.0  0.313 -999.9    330
RWBU 2014  7 24 205   16.7   30.9 11.830  2.596    0.0  0.304 -999.9    330
RWBU 2014  7 25 206   18.7   30.7 12.316  2.692    0.0  0.304 -999.9    330
RWBU 2014  7 26 207   19.1   25.5  6.599  1.626    0.0  0.138 -999.9    330
RWBU 2014  7 27 208   17.8   30.8 13.392  2.832    0.0  0.313 -999.9    330
RWBU 2014  7 28 209   17.8   28.6 11.077  2.436    0.0  0.350 -999.9    330
RWBU 2014  7 29 210   16.1   31.0 16.211  3.320    0.0  0.454 -999.9    330
RWBU 2014  7 30 211   18.3   30.9 16.546  3.422    0.0  0.463 -999.9    330
RWBU 2014  7 31 212   16.7   31.3 16.531  3.370    0.0  0.425 -999.9    330
RWBU 2014  8  1 213   16.4   32.3 16.355  3.302    0.0  0.329 -999.9    330
RWBU 2014  8  2 214   19.7   31.3 13.334  2.855    0.0  0.271 -999.9    330
RWBU 2014  8  3 215   18.2   29.7 15.426  3.151    0.0  0.367 -999.9    330
RWBU 2014  8  4 216   17.8   30.1 14.886  3.134    0.0  0.421 -999.9    330
RWBU 2014  8  5 217   18.1   29.2 14.926  3.057    0.0  0.350 -999.9    330
RWBU 2014  8  6 218   16.4   30.4 14.468  2.958    0.0  0.296 -999.9    330
RWBU 2014  8  7 219   19.6   31.9 16.254  3.511    0.0  0.492 -999.9    330
RWBU 2014  8  8 220   16.7   30.9 13.190  2.924    0.0  0.458 -999.9    330
RWBU 2014  8  9 221   16.4   31.1 13.792  2.851    0.0  0.238 -999.9    330
RWBU 2014  8 10 222   19.7   31.2 12.798  2.909    0.0  0.446 -999.9    330
RWBU 2014  8 11 223   17.2   32.3 15.138  3.385    0.2  0.646 -999.9    330
RWBU 2014  8 12 224   18.3   29.0 12.312  2.714    0.0  0.492 -999.9    330
RWBU 2014  8 13 225   18.1   28.5  9.842  2.258    0.0  0.363 -999.9    330
RWBU 2014  8 14 226   17.1   29.2 15.880  3.238    2.8  0.483 -999.9    330
RWBU 2014  8 15 227   17.4   29.7 13.669  2.799    0.2  0.163 -999.9    330
RWBU 2014  8 16 228   18.5   28.2  8.618  1.992    0.0  0.146 -999.9    330
RWBU 2014  8 17 229   18.4   29.3 14.641  3.006    0.0  0.271 -999.9    330
RWBU 2014  8 18 230   19.8   30.0 15.689  3.213    0.0  0.283 -999.9    330
RWBU 2014  8 19 231   19.3   31.3 18.425  3.716    0.0  0.371 -999.9    330
RWBU 2014  8 20 232   18.8   29.4 13.856  2.926    0.0  0.292 -999.9    330
RWBU 2014  8 21 233   19.8   31.6 18.086  3.648    0.0  0.308 -999.9    330
RWBU 2014  8 22 234   19.9   33.5 15.746  3.350    0.0  0.288 -999.9    330
RWBU 2014  8 23 235   17.4   33.5 18.968  4.004    8.4  0.529 -999.9    330
RWBU 2014  8 24 236   17.6   28.6 12.359  2.623    5.8  0.338 -999.9    330
RWBU 2014  8 25 237   16.4   23.4  7.315  1.652    1.0  0.083 -999.9    330
RWBU 2014  8 26 238   16.8   26.4 13.104  2.656    1.6  0.288 -999.9    330
RWBU 2014  8 27 239   16.9   30.8 20.909  4.027    0.0  0.254 -999.9    330
RWBU 2014  8 28 240   17.7   33.2 22.439  4.566   17.0  0.533 -999.9    330
RWBU 2014  8 29 241   16.3   31.1 21.186  4.178    1.8  0.504 -999.9    330
RWBU 2014  8 30 242   17.6   27.3 12.157  2.582    2.0  0.375 -999.9    330
RWBU 2014  8 31 243   16.8   24.1  7.495  1.717    0.0  0.192 -999.9    330
RWBU 2014  9  1 244   17.7   28.5 15.131  3.161    0.0  0.475 -999.9    330
RWBU 2014  9  2 245   18.7   26.9 10.087  2.236    0.0  0.192 -999.9    330
RWBU 2014  9  3 246   18.3   24.4  8.204  1.900    0.0  0.288 -999.9    330
RWBU 2014  9  4 247   17.8   25.1  7.409  1.729   28.2  0.213 -999.9    330
RWBU 2014  9  5 248   16.1   17.8  2.740  0.902   40.4  0.050 -999.9    330
RWBU 2014  9  6 249   15.8   22.7 10.523  2.134    2.2  0.142 -999.9    330
RWBU 2014  9  7 250   17.3   27.7 18.832  3.595    0.0  0.179 -999.9    330
RWBU 2014  9  8 251   16.3   29.9 22.914  4.338    0.0  0.329 -999.9    330
RWBU 2014  9  9 252   15.8   30.9 23.414  4.376    0.0  0.254 -999.9    330
RWBU 2014  9 10 253   15.9   31.2 23.242  4.462    0.0  0.404 -999.9    330
RWBU 2014  9 11 254   16.2   32.1 22.277  4.351    0.0  0.350 -999.9    330
RWBU 2014  9 12 255   16.0   33.3 23.540  4.510    0.0  0.292 -999.9    330
RWBU 2014  9 13 256   16.3   32.3 21.823  4.196    0.0  0.308 -999.9    330
RWBU 2014  9 14 257   17.4   31.3 14.879  3.139    3.8  0.233 -999.9    330
RWBU 2014  9 15 258   17.1   31.3 21.272  4.192    0.0  0.271 -999.9    330
RWBU 2014  9 16 259   17.4   30.6 21.539  4.180    0.0  0.292 -999.9    330
RWBU 2014  9 17 260   19.2   31.4 16.679  3.571    0.0  0.408 -999.9    330
RWBU 2014  9 18 261   16.8   31.0 19.087  3.847    0.0  0.358 -999.9    330
RWBU 2014  9 19 262   18.1   27.9 11.966  2.612    0.4  0.321 -999.9    330
RWBU 2014  9 20 263   17.6   26.7 10.685  2.311    1.0  0.250 -999.9    330
RWBU 2014  9 21 264   15.8   29.8 19.897  3.881    0.0  0.288 -999.9    330
RWBU 2014  9 22 265   18.1   30.2 22.885  4.485    0.0  0.446 -999.9    330
RWBU 2014  9 23 266   18.1   29.0 18.457  3.681    0.0  0.342 -999.9    330
RWBU 2014  9 24 267   18.1   30.1 16.870  3.458    0.0  0.292 -999.9    330
RWBU 2014  9 25 268   17.1   30.9 20.477  4.114    0.0  0.442 -999.9    330
RWBU 2014  9 26 269   18.7   28.9 12.694  2.779    0.0  0.338 -999.9    330
RWBU 2014  9 27 270   16.6   30.8 21.215  4.252    0.0  0.567 -999.9    330
RWBU 2014  9 28 271   16.4   31.4 18.511  3.840    0.0  0.558 -999.9    330
RWBU 2014  9 29 272   17.5   30.7 20.423  4.118    0.0  0.450 -999.9    330
RWBU 2014  9 30 273   17.4   31.6 18.529  3.897    0.0  0.563 -999.9    330
RWBU 2014 10  1 274   16.8   31.8 18.986  3.940    0.0  0.525 -999.9    330
RWBU 2014 10  2 275   17.8   31.1 16.970  3.552    0.0  0.358 -999.9    330
RWBU 2014 10  3 276   17.1   29.1 14.202  2.985    0.4  0.342 -999.9    330
RWBU 2014 10  4 277   15.9   29.4 20.480  3.993    0.4  0.417 -999.9    330
RWBU 2014 10  5 278   17.8   28.6 11.488  2.486    0.0  0.154 -999.9    330
RWBU 2014 10  6 279   17.0   25.8 13.158  2.699    0.6  0.338 -999.9    330
RWBU 2014 10  7 280   16.4   29.1 23.872  4.478    0.0  0.275 -999.9    330
RWBU 2014 10  8 281   18.7   29.4 15.142  3.213    0.0  0.363 -999.9    330
RWBU 2014 10  9 282   16.5   31.1 21.600  4.264    2.0  0.304 -999.9    330
RWBU 2014 10 10 283   16.4   33.0 21.388  4.312    0.8  0.254 -999.9    330
RWBU 2014 10 11 284   18.2   31.9 24.444  4.813    0.0  0.421 -999.9    330
RWBU 2014 10 12 285   16.9   29.7 22.388  4.205    0.0  0.308 -999.9    330
RWBU 2014 10 13 286   15.7   32.7 20.228  4.003    0.0  0.254 -999.9    330
RWBU 2014 10 14 287   18.7   32.0 17.464  3.677    0.0  0.313 -999.9    330
RWBU 2014 10 15 288   17.8   32.3 15.350  3.315    5.0  0.342 -999.9    330
RWBU 2014 10 16 289   16.2   28.9 18.932  3.730    0.0  0.396 -999.9    330
RWBU 2014 10 17 290   16.9   31.6 21.942  4.414   12.6  0.496 -999.9    330
RWBU 2014 10 18 291   17.7   30.1 18.266  3.731    0.2  0.475 -999.9    330
RWBU 2014 10 19 292   17.1   27.8 11.682  2.485   21.2  0.158 -999.9    330
RWBU 2014 10 20 293   16.4   22.4  6.854  1.580   31.0  0.142 -999.9    330
RWBU 2014 10 21 294   16.1   26.9 14.980  2.961    0.2  0.050 -999.9    330
RWBU 2014 10 22 295   19.1   28.6 15.646  3.226    0.2  0.158 -999.9    330
RWBU 2014 10 23 296   18.1   27.2 10.152  2.224    3.6  0.100 -999.9    330
RWBU 2014 10 24 297   16.8   28.6 14.807  3.026    0.6  0.121 -999.9    330
RWBU 2014 10 25 298   16.8   28.4 18.353  3.607    0.2  0.258 -999.9    330
RWBU 2014 10 26 299   16.8   31.2 18.997  3.836    0.0  0.204 -999.9    330
RWBU 2014 10 27 300   17.3   29.5 17.654  3.550    7.8  0.229 -999.9    330
RWBU 2014 10 28 301   16.7   30.6 21.276  4.150    0.2  0.150 -999.9    330
RWBU 2014 10 29 302   17.3   31.9 21.852  4.369    0.0  0.329 -999.9    330
RWBU 2014 10 30 303   18.2   25.1  7.751  1.796   19.8  0.133 -999.9    330
RWBU 2014 10 31 304   16.9   29.4 17.042  3.429    1.0  0.175 -999.9    330
RWBU 2014 11  1 305   16.3   28.6 13.658  2.811    2.8  0.121 -999.9    330
RWBU 2014 11  2 306   16.9   28.8 14.713  2.998   14.4  0.071 -999.9    330
RWBU 2014 11  3 307   16.7   23.1 11.318  2.300    0.2  0.196 -999.9    330
RWBU 2014 11  4 308   17.1   30.2 19.786  3.940    3.2  0.142 -999.9    330
RWBU 2014 11  5 309   16.7   31.1 20.545  4.069    0.0  0.254 -999.9    330
RWBU 2014 11  6 310   18.9   29.1 14.814  3.070    0.0  0.158 -999.9    330
RWBU 2014 11  7 311   17.2   27.8  9.907  2.180   16.4  0.175 -999.9    330
RWBU 2014 11  8 312   15.9   27.8 18.101  3.515    1.2  0.125 -999.9    330
RWBU 2014 11  9 313   16.7   29.9 20.858  4.043    0.0  0.150 -999.9    330
RWBU 2014 11 10 314   16.6   28.9 11.466  2.453   21.2  0.138 -999.9    330
RWBU 2014 11 11 315   16.7   24.9 12.190  2.471   10.2  0.088 -999.9    330
RWBU 2014 11 12 316   16.2   27.7 17.651  3.432   11.0  0.117 -999.9    330
RWBU 2014 11 13 317   17.3   25.8 13.280  2.684    4.0  0.108 -999.9    330
RWBU 2014 11 14 318   16.7   25.2 12.010  2.449   11.2  0.158 -999.9    330
RWBU 2014 11 15 319   17.4   27.3 11.520  2.435    1.2  0.125 -999.9    330
RWBU 2014 11 16 320   16.3   27.2 13.914  2.807    0.0  0.213 -999.9    330
RWBU 2014 11 17 321   15.8   27.9 20.304  3.840    0.0  0.179 -999.9    330
RWBU 2014 11 18 322   17.4   28.1 11.358  2.429    8.0  0.158 -999.9    330
RWBU 2014 11 19 323   18.2   24.6  8.046  1.814    0.6  0.017 -999.9    330
RWBU 2014 11 20 324   16.1   25.1 11.063  2.269    9.4  0.017 -999.9    330
RWBU 2014 11 21 325   16.3   25.7 12.838  2.575    0.2  0.100 -999.9    330
RWBU 2014 11 22 326   16.5   28.6 19.696  3.778    0.0  0.121 -999.9    330
RWBU 2014 11 23 327   17.0   28.3 14.764  2.980    0.0  0.138 -999.9    330
RWBU 2014 11 24 328   16.4   29.4 20.290  3.918    0.2  0.196 -999.9    330
RWBU 2014 11 25 329   17.7   31.6 16.106  3.362    6.2  0.154 -999.9    330
RWBU 2014 11 26 330   16.6   24.8 11.326  2.328    0.4  0.225 -999.9    330
RWBU 2014 11 27 331   15.7   25.3  9.918  2.093    0.4  0.213 -999.9    330
RWBU 2014 11 28 332   17.6   27.4 13.439  2.742    0.0  0.083 -999.9    330
RWBU 2014 11 29 333   16.4   27.4 14.530  2.909   27.0  0.296 -999.9    330
RWBU 2014 11 30 334   17.6   24.6  7.776  1.767    0.0  0.083 -999.9    330
RWBU 2014 12  1 335   16.7   29.5 19.595  3.827    0.0  0.229 -999.9    330
RWBU 2014 12  2 336   18.3   26.6 12.316  2.591    0.0  0.296 -999.9    330
RWBU 2014 12  3 337   17.4   24.3  8.330  1.844   10.0  0.100 -999.9    330
RWBU 2014 12  4 338   17.7   24.9  9.781  2.092    1.6  0.083 -999.9    330
RWBU 2014 12  5 339   17.1   27.6 20.887  3.969    0.8  0.117 -999.9    330
RWBU 2014 12  6 340   16.7   31.1 22.586  4.351    0.0  0.117 -999.9    330
RWBU 2014 12  7 341   16.7   30.8 19.487  3.853    0.2  0.192 -999.9    330
RWBU 2014 12  8 342   17.8   30.8 21.758  4.284    0.0  0.283 -999.9    330
RWBU 2014 12  9 343   17.4   29.0 19.843  3.871    4.2  0.238 -999.9    330
RWBU 2014 12 10 344   17.5   24.7 11.318  2.332    6.6  0.117 -999.9    330
RWBU 2014 12 11 345   16.7   28.8 19.202  3.721    0.2  0.138 -999.9    330
RWBU 2014 12 12 346   18.2   28.0 13.446  2.773    0.0  0.121 -999.9    330
RWBU 2014 12 13 347   16.9   31.8 22.097  4.329    0.0  0.175 -999.9    330
RWBU 2014 12 14 348   18.2   29.5 17.474  3.487    0.0  0.179 -999.9    330
RWBU 2014 12 15 349   17.3   29.5 18.025  3.543    0.0  0.192 -999.9    330
RWBU 2014 12 16 350   17.2   28.5 14.288  2.937    0.0  0.275 -999.9    330
RWBU 2014 12 17 351   17.4   29.7 15.246  3.163    0.4  0.358 -999.9    330
RWBU 2014 12 18 352   16.9   28.4 14.918  3.025    0.0  0.283 -999.9    330
RWBU 2014 12 19 353   15.9   30.3 19.811  3.857    0.0  0.229 -999.9    330
RWBU 2014 12 20 354   17.1   29.4 17.561  3.512    5.6  0.346 -999.9    330
RWBU 2014 12 21 355   17.1   28.7 17.838  3.510    0.0  0.229 -999.9    330
RWBU 2014 12 22 356   18.7   28.6 12.769  2.692    0.2  0.142 -999.9    330
RWBU 2014 12 23 357   16.8   28.4 12.982  2.681    0.0  0.138 -999.9    330
RWBU 2014 12 24 358   18.1   28.2 11.016  2.397    0.0  0.246 -999.9    330
RWBU 2014 12 25 359   17.8   25.2  5.872  1.464    1.6  0.108 -999.9    330
RWBU 2014 12 26 360   17.1   29.6 12.064  2.575    0.0  0.163 -999.9    330
RWBU 2014 12 27 361   17.4   31.3 20.776  4.151    0.0  0.367 -999.9    330
RWBU 2014 12 28 362   17.9   30.6 16.078  3.333    0.0  0.292 -999.9    330
RWBU 2014 12 29 363   17.2   30.4 17.363  3.516    0.0  0.292 -999.9    330
RWBU 2014 12 30 364   18.3   30.1 12.902  2.802    0.0  0.308 -999.9    330
RWBU 2014 12 31 365   18.2   30.3 16.754  3.421    0.2  0.250 -999.9    330
RWBU 2015  1  1   1   18.3   29.3 15.296  3.153    0.0  0.254 -999.9    330
RWBU 2015  1  2   2   17.3   31.3 19.602  3.911    0.0  0.313 -999.9    330
RWBU 2015  1  3   3   17.7   31.8 17.838  3.659    0.0  0.304 -999.9    330
RWBU 2015  1  4   4   16.8   31.3 17.734  3.595    2.8  0.292 -999.9    330
RWBU 2015  1  5   5   17.4   31.1 16.754  3.431    0.0  0.250 -999.9    330
RWBU 2015  1  6   6   19.4   25.9  7.348  1.821    0.0  0.213 -999.9    330
RWBU 2015  1  7   7   17.4   30.2 15.952  3.286    0.0  0.292 -999.9    330
RWBU 2015  1  8   8   17.4   30.4 16.448  3.339    0.0  0.221 -999.9    330
RWBU 2015  1  9   9   17.8   30.1 12.244  2.699    0.0  0.279 -999.9    330
RWBU 2015  1 10  10   18.4   31.8 17.050  3.618    7.4  0.429 -999.9    330
RWBU 2015  1 11  11   17.5   26.8  9.565  2.110   13.4  0.188 -999.9    330
RWBU 2015  1 12  12   17.1   28.1 11.754  2.475    2.8  0.083 -999.9    330
RWBU 2015  1 13  13   19.2   29.3 12.470  2.683    0.0  0.150 -999.9    330
RWBU 2015  1 14  14   18.2   30.8 17.111  3.487    0.0  0.233 -999.9    330
RWBU 2015  1 15  15   17.2   31.6 15.404  3.148    0.0  0.117 -999.9    330
RWBU 2015  1 16  16   19.2   31.1 17.194  3.567    0.0  0.271 -999.9    330
RWBU 2015  1 17  17   17.7   31.8 18.637  3.764    0.0  0.254 -999.9    330
RWBU 2015  1 18  18   18.8   31.4 16.783  3.523    0.8  0.300 -999.9    330
RWBU 2015  1 19  19   17.4   31.1 16.474  3.381    0.0  0.204 -999.9    330
RWBU 2015  1 20  20   16.9   26.4  9.054  2.015   26.6  0.171 -999.9    330
RWBU 2015  1 21  21   18.4   26.4  9.317  2.082    0.0  0.154 -999.9    330
RWBU 2015  1 22  22   17.5   26.7  9.410  2.069    8.2  0.050 -999.9    330
RWBU 2015  1 23  23   15.9   31.7 17.788  3.590    0.2  0.133 -999.9    330
RWBU 2015  1 24  24   16.3   27.8  9.745  2.146    2.2  0.175 -999.9    330
RWBU 2015  1 25  25   14.9   25.6  9.176  1.971    0.8  0.071 -999.9    330
RWBU 2015  1 26  26   15.6   30.3 17.096  3.411    0.2  0.100 -999.9    330
RWBU 2015  1 27  27   16.0   32.1 21.773  4.257    0.0  0.196 -999.9    330
RWBU 2015  1 28  28   19.2   32.8 20.894  4.229    0.0  0.254 -999.9    330
RWBU 2015  1 29  29   17.5   32.1 16.067  3.337    0.0  0.154 -999.9    330
RWBU 2015  1 30  30   18.4   31.3 15.430  3.306    0.0  0.325 -999.9    330
RWBU 2015  1 31  31   15.8   31.4 18.727  3.715    0.0  0.179 -999.9    330
RWBU 2015  2  1  32   16.9   32.9 20.264  4.040    0.0  0.196 -999.9    330
RWBU 2015  2  2  33   18.8   32.8 18.457  3.839    0.0  0.263 -999.9    330
RWBU 2015  2  3  34   18.4   32.7 15.926  3.420    0.0  0.263 -999.9    330
RWBU 2015  2  4  35   17.6   26.8  9.562  2.180    0.2  0.283 -999.9    330
RWBU 2015  2  5  36   16.3   32.5 18.911  3.869    0.0  0.308 -999.9    330
RWBU 2015  2  6  37   17.6   32.8 18.958  3.936    0.0  0.317 -999.9    330
RWBU 2015  2  7  38   17.0   33.6 20.329  4.148    0.0  0.292 -999.9    330
RWBU 2015  2  8  39   18.8   32.6 13.345  3.055    1.2  0.421 -999.9    330
RWBU 2015  2  9  40   16.3   33.8 18.817  3.928    0.0  0.308 -999.9    330
RWBU 2015  2 10  41   16.9   28.8 12.535  2.721    2.8  0.354 -999.9    330
RWBU 2015  2 11  42   16.8   32.3 17.701  3.676    0.0  0.288 -999.9    330
RWBU 2015  2 12  43   17.2   32.8 18.284  3.806    0.0  0.288 -999.9    330
RWBU 2015  2 13  44   16.8   33.2 19.692  4.109    0.0  0.417 -999.9    330
RWBU 2015  2 14  45   17.8   32.0 15.016  3.297    0.4  0.417 -999.9    330
RWBU 2015  2 15  46   16.3   29.8 14.911  3.097    1.8  0.275 -999.9    330
RWBU 2015  2 16  47   17.7   30.4 15.487  3.209    0.2  0.158 -999.9    330
RWBU 2015  2 17  48   16.3   29.3  6.941  1.697   20.4  0.125 -999.9    330
RWBU 2015  2 18  49   17.0   29.0 12.992  2.737    0.0  0.138 -999.9    330
RWBU 2015  2 19  50   17.6   32.6 22.025  4.390    0.0  0.213 -999.9    330
RWBU 2015  2 20  51   17.6   23.9  9.155  2.086    0.0  0.408 -999.9    330
RWBU 2015  2 21  52   16.0   28.1 11.761  2.492    0.8  0.154 -999.9    330
RWBU 2015  2 22  53   16.9   31.1 18.482  3.763    0.2  0.238 -999.9    330
RWBU 2015  2 23  54   16.7   31.6 11.311  2.515    7.6  0.163 -999.9    330
RWBU 2015  2 24  55   16.4   24.1  9.032  1.982    0.6  0.208 -999.9    330
RWBU 2015  2 25  56   16.2   29.3 13.619  2.847    0.4  0.213 -999.9    330
RWBU 2015  2 26  57   15.3   30.5 18.360  3.647    0.4  0.133 -999.9    330
RWBU 2015  2 27  58   16.3   32.9 20.819  4.229    0.8  0.233 -999.9    330
RWBU 2015  2 28  59   16.8   22.4  4.190  1.199    1.6  0.200 -999.9    330
RWBU 2015  3  1  60   15.9   27.2  9.209  2.060    0.0  0.142 -999.9    330
RWBU 2015  3  2  61   15.8   30.9 15.736  3.219    0.0  0.133 -999.9    330
RWBU 2015  3  3  62   17.8   28.7 12.298  2.689    0.0  0.283 -999.9    330
RWBU 2015  3  4  63   17.3   30.5 13.374  2.970    0.4  0.538 -999.9    330
RWBU 2015  3  5  64   15.6   31.8 20.203  4.066    0.2  0.367 -999.9    330
RWBU 2015  3  6  65   16.7   32.4 18.986  3.916    0.0  0.329 -999.9    330
RWBU 2015  3  7  66   16.7   31.4 19.123  3.903    0.0  0.367 -999.9    330
RWBU 2015  3  8  67   16.9   32.7 20.794  4.320    0.0  0.513 -999.9    330
RWBU 2015  3  9  68   15.2   34.2 21.100  4.251    0.0  0.292 -999.9    330
RWBU 2015  3 10  69   16.4   34.1 19.195  4.079    0.0  0.438 -999.9    330
RWBU 2015  3 11  70   16.4   32.9 20.434  4.129    0.2  0.292 -999.9    330
RWBU 2015  3 12  71   18.4   32.4 17.294  3.718    0.0  0.400 -999.9    330
RWBU 2015  3 13  72   18.4   32.8 20.365  4.305    0.0  0.525 -999.9    330
RWBU 2015  3 14  73   18.6   33.0 19.224  4.154    0.4  0.546 -999.9    330
RWBU 2015  3 15  74   18.2   32.6 18.428  4.008    0.0  0.546 -999.9    330
RWBU 2015  3 16  75   16.6   34.6 21.010  4.281    0.0  0.329 -999.9    330
RWBU 2015  3 17  76   18.9   34.8 19.458  4.074    0.0  0.292 -999.9    330
RWBU 2015  3 18  77   21.1   31.7 15.631  3.440    0.0  0.329 -999.9    330
RWBU 2015  3 19  78   18.8   32.4 20.084  4.174    5.8  0.375 -999.9    330
RWBU 2015  3 20  79   20.4   33.6 19.451  4.167    0.2  0.383 -999.9    330
RWBU 2015  3 21  80   20.3   32.2 15.440  3.401    0.8  0.325 -999.9    330
RWBU 2015  3 22  81   19.7   32.1 15.599  3.395    0.4  0.304 -999.9    330
RWBU 2015  3 23  82   18.4   28.4  9.515  2.227    3.6  0.504 -999.9    330
RWBU 2015  3 24  83   17.6   22.3  4.957  1.330    5.2  0.350 -999.9    330
RWBU 2015  3 25  84   16.3   28.4 13.334  2.790    0.0  0.321 -999.9    330
RWBU 2015  3 26  85   17.1   27.9 11.221  2.424    0.2  0.217 -999.9    330
RWBU 2015  3 27  86   17.4   28.6 10.638  2.338    0.0  0.154 -999.9    330
RWBU 2015  3 28  87   18.8   25.1  8.604  2.032    0.2  0.396 -999.9    330
RWBU 2015  3 29  88   17.9   23.8  7.510  1.782    0.2  0.325 -999.9    330
RWBU 2015  3 30  89   18.1   29.3 12.892  2.801    0.0  0.363 -999.9    330
RWBU 2015  3 31  90   18.6   29.7 12.017  2.638    0.8  0.275 -999.9    330
RWBU 2015  4  1  91   17.3   26.3 10.368  2.226    1.6  0.233 -999.9    330
RWBU 2015  4  2  92   16.9   31.3 19.667  3.965    0.0  0.346 -999.9    330
RWBU 2015  4  3  93   17.8   29.6 11.902  2.589    3.4  0.238 -999.9    330
RWBU 2015  4  4  94   17.7   24.1  7.610  1.749    4.4  0.154 -999.9    330
RWBU 2015  4  5  95   17.3   26.4 10.195  2.230    1.8  0.313 -999.9    330
RWBU 2015  4  6  96   17.5   27.3 12.629  2.610    0.2  0.104 -999.9    330
RWBU 2015  4  7  97   17.3   28.4 11.545  2.485    0.0  0.250 -999.9    330
RWBU 2015  4  8  98   16.6   32.2 21.218  4.233    0.2  0.296 -999.9    330
RWBU 2015  4  9  99   20.0   28.5 12.676  2.774    0.0  0.346 -999.9    330
RWBU 2015  4 10 100   17.3   30.8 13.741  2.916    0.8  0.229 -999.9    330
RWBU 2015  4 11 101   17.8   31.1 21.319  4.217    0.0  0.313 -999.9    330
RWBU 2015  4 12 102   19.3   28.8 10.616  2.370    0.4  0.213 -999.9    330
RWBU 2015  4 13 103   17.6   28.2 14.278  2.949    0.2  0.342 -999.9    330
RWBU 2015  4 14 104   17.8   31.1 18.716  3.824    0.0  0.438 -999.9    330
RWBU 2015  4 15 105   17.7   27.8 11.538  2.496    0.0  0.333 -999.9    330
RWBU 2015  4 16 106   17.2   28.0 11.542  2.449    8.8  0.233 -999.9    330
RWBU 2015  4 17 107   18.2   30.2 16.495  3.389    5.6  0.321 -999.9    330
RWBU 2015  4 18 108   17.2   23.9  8.402  1.838   25.2  0.104 -999.9    330
RWBU 2015  4 19 109   17.4   27.3 14.087  2.843    0.4  0.229 -999.9    330
RWBU 2015  4 20 110   17.2   30.5 19.894  3.936    1.4  0.325 -999.9    330
RWBU 2015  4 21 111   16.6   22.7  7.117  1.613   18.4  0.142 -999.9    330
RWBU 2015  4 22 112   17.1   27.8 11.491  2.410    5.6  0.104 -999.9    330
RWBU 2015  4 23 113   17.1   26.0 11.390  2.357    7.2  0.221 -999.9    330
RWBU 2015  4 24 114   16.7   26.3  9.994  2.120    9.2  0.100 -999.9    330
RWBU 2015  4 25 115   18.1   27.1 12.935  2.667    0.6  0.271 -999.9    330
RWBU 2015  4 26 116   17.7   26.4  9.893  2.118    0.2  0.083 -999.9    330
RWBU 2015  4 27 117   16.5   23.2  8.431  1.811    6.4  0.175 -999.9    330
RWBU 2015  4 28 118   17.0   29.3 17.953  3.508   19.6  0.233 -999.9    330
RWBU 2015  4 29 119   16.9   28.6 18.400  3.543    6.6  0.229 -999.9    330
RWBU 2015  4 30 120   17.6   23.7  7.142  1.625    3.0  0.033 -999.9    330
RWBU 2015  5  1 121   18.1   29.6 25.960  4.865    0.0  0.244 -999.9    330
RWBU 2015  5  2 122   17.6   23.2  7.135  1.615   16.6  0.121 -999.9    330
RWBU 2015  5  3 123   17.2   28.4 14.101  2.839    0.2  0.192 -999.9    330
RWBU 2015  5  4 124   16.7   29.6 17.093  3.313    0.0  0.133 -999.9    330
RWBU 2015  5  5 125   17.7   28.4 12.553  2.588    3.4  0.154 -999.9    330
RWBU 2015  5  6 126   19.3   28.2 12.712  2.651    1.4  0.192 -999.9    330
RWBU 2015  5  7 127   18.4   27.9 14.306  2.880    0.0  0.225 -999.9    330
RWBU 2015  5  8 128   17.3   24.9  8.989  1.925   18.6  0.271 -999.9    330
RWBU 2015  5  9 129   17.4   25.9 11.826  2.392    0.2  0.142 -999.9    330
RWBU 2015  5 10 130   18.3   29.4 16.736  3.293    0.0  0.175 -999.9    330
RWBU 2015  5 11 131   17.7   30.4 16.711  3.301    0.0  0.192 -999.9    330
RWBU 2015  5 12 132   19.3   29.8 14.681  3.035    0.0  0.288 -999.9    330
RWBU 2015  5 13 133   18.9   30.1 14.242  2.966    0.0  0.304 -999.9    330
RWBU 2015  5 14 134   19.3   30.4 13.882  2.909    0.0  0.242 -999.9    330
RWBU 2015  5 15 135   17.4   31.3 15.253  3.112    0.6  0.192 -999.9    330
RWBU 2015  5 16 136   17.9   28.4 12.251  2.527    2.0  0.154 -999.9    330
RWBU 2015  5 17 137   17.5   31.5 16.812  3.419   15.2  0.400 -999.9    330
RWBU 2015  5 18 138   17.7   30.3 17.176  3.408   15.4  0.283 -999.9    330
RWBU 2015  5 19 139   17.6   28.8 15.959  3.131   18.8  0.242 -999.9    330
RWBU 2015  5 20 140   18.3   28.2 13.007  2.612    0.0  0.100 -999.9    330
RWBU 2015  5 21 141   17.6   28.8 15.930  3.075    0.0  0.154 -999.9    330
RWBU 2015  5 22 142   17.8   29.0 14.285  2.874    0.0  0.267 -999.9    330
RWBU 2015  5 23 143   19.3   30.0 16.765  3.293    0.0  0.246 -999.9    330
RWBU 2015  5 24 144   17.6   30.3 15.649  3.080    0.0  0.204 -999.9    330
RWBU 2015  5 25 145   18.3   30.7 16.891  3.365    0.0  0.329 -999.9    330
RWBU 2015  5 26 146   18.9   28.7 13.158  2.689    3.2  0.208 -999.9    330
RWBU 2015  5 27 147   17.7   30.6 16.200  3.194    0.0  0.188 -999.9    330
RWBU 2015  5 28 148   18.0   31.2 16.488  3.229    0.0  0.133 -999.9    330
RWBU 2015  5 29 149   17.9   29.4 13.756  2.744    0.0  0.154 -999.9    330
RWBU 2015  5 30 150   17.5   29.9 12.100  2.504    0.0  0.158 -999.9    330
RWBU 2015  5 31 151   19.3   29.4 13.914  2.819    0.0  0.192 -999.9    330
RWBU 2015  6  1 152   18.1   28.7 12.503  2.564    3.8  0.217 -999.9    330
RWBU 2015  6  2 153   18.9   26.1  9.248  1.988    0.2  0.142 -999.9    330
RWBU 2015  6  3 154   17.0   30.7 14.904  2.968    0.0  0.200 -999.9    330
RWBU 2015  6  4 155   19.6   29.4  9.382  2.091    0.0  0.146 -999.9    330
RWBU 2015  6  5 156   18.7   29.0 10.134  2.202    1.2  0.196 -999.9    330
RWBU 2015  6  6 157   15.7   29.7 15.325  2.953    0.2  0.229 -999.9    330
RWBU 2015  6  7 158   15.0   30.5 15.563  2.960    0.0  0.175 -999.9    330
RWBU 2015  6  8 159   17.0   31.3 15.764  3.089    0.0  0.208 -999.9    330
RWBU 2015  6  9 160   17.3   31.1 15.250  3.006    0.0  0.213 -999.9    330
RWBU 2015  6 10 161   16.7   30.7 15.307  3.039    0.0  0.308 -999.9    330
RWBU 2015  6 11 162   16.8   29.9 12.265  2.457    0.0  0.117 -999.9    330
RWBU 2015  6 12 163   18.5   30.3 12.542  2.577    0.0  0.175 -999.9    330
RWBU 2015  6 13 164   16.3   30.2 13.406  2.690    0.0  0.217 -999.9    330
RWBU 2015  6 14 165   18.6   27.8 11.203  2.317    0.2  0.158 -999.9    330
RWBU 2015  6 15 166   16.8   31.3 14.965  2.958    0.0  0.204 -999.9    330
RWBU 2015  6 16 167   18.2   30.3 13.468  2.675    0.0  0.138 -999.9    330
RWBU 2015  6 17 168   18.2   29.9 10.962  2.301    0.0  0.117 -999.9    330
RWBU 2015  6 18 169   17.7   23.4  5.155  1.288    6.2  0.108 -999.9    330
RWBU 2015  6 19 170   17.3   26.7  9.371  1.994    0.2  0.171 -999.9    330
RWBU 2015  6 20 171   18.6   27.4 12.283  2.527    0.0  0.308 -999.9    330
RWBU 2015  6 21 172   16.5   28.4 15.448  2.930    0.0  0.238 -999.9    330
RWBU 2015  6 22 173   17.9   29.4 15.595  3.068    0.0  0.338 -999.9    330
RWBU 2015  6 23 174   18.2   29.8 15.293  3.002    0.0  0.271 -999.9    330
RWBU 2015  6 24 175   16.2   30.0 14.490  2.835    0.0  0.233 -999.9    330
RWBU 2015  6 25 176   18.1   30.3 12.665  2.614    0.0  0.217 -999.9    330
RWBU 2015  6 26 177   17.2   29.3 10.328  2.183    0.0  0.138 -999.9    330
RWBU 2015  6 27 178   18.4   30.3 15.174  3.001    0.0  0.254 -999.9    330
RWBU 2015  6 28 179   17.9   30.5 15.080  2.986    0.0  0.271 -999.9    330
RWBU 2015  6 29 180   19.1   28.7 12.258  2.525    0.0  0.213 -999.9    330
RWBU 2015  6 30 181   16.2   30.7 13.734  2.756    0.0  0.233 -999.9    330
RWBU 2015  7  1 182   18.4   30.9 14.695  2.958    0.0  0.254 -999.9    330
RWBU 2015  7  2 183   19.3   29.6 12.326  2.679    0.0  0.388 -999.9    330
RWBU 2015  7  3 184   17.7   29.7 14.944  3.076    0.0  0.488 -999.9    330
RWBU 2015  7  4 185   16.4   28.8  9.709  2.136    0.0  0.250 -999.9    330
RWBU 2015  7  5 186   15.5   31.2 15.610  3.055    0.0  0.271 -999.9    330
RWBU 2015  7  6 187   15.5   31.5 16.236  3.224    0.0  0.383 -999.9    330
RWBU 2015  7  7 188   16.3   30.6 15.185  3.122    0.0  0.463 -999.9    330
RWBU 2015  7  8 189   16.3   31.2 27.547  4.990    0.0  0.342 -999.9    330
RWBU 2015  7  9 190   15.9   31.9 15.444  3.059    0.0  0.275 -999.9    330
RWBU 2015  7 10 191   16.3   31.9 15.779  3.144    0.0  0.313 -999.9    330
RWBU 2015  7 11 192   16.7   31.9 15.548  3.109    0.0  0.308 -999.9    330
RWBU 2015  7 12 193   16.0   31.7 15.570  3.076    0.0  0.308 -999.9    330
RWBU 2015  7 13 194   14.8   30.9 14.969  2.898    0.0  0.254 -999.9    330
RWBU 2015  7 14 195   14.6   31.8 15.293  3.000    0.0  0.275 -999.9    330
RWBU 2015  7 15 196   15.1   31.6 15.592  3.076    0.0  0.313 -999.9    330
RWBU 2015  7 16 197   16.2   31.2 15.883  3.165    0.0  0.354 -999.9    330
RWBU 2015  7 17 198   15.7   31.3 15.124  3.055    0.0  0.346 -999.9    330
RWBU 2015  7 18 199   15.4   32.3 14.306  2.860    0.0  0.217 -999.9    330
RWBU 2015  7 19 200   16.4   31.9 14.414  2.983    0.0  0.325 -999.9    330
RWBU 2015  7 20 201   17.6   29.9 13.763  2.862    0.0  0.342 -999.9    330
RWBU 2015  7 21 202   16.3   31.3 15.271  3.055    0.0  0.296 -999.9    330
RWBU 2015  7 22 203   15.9   30.4 14.418  2.895    0.0  0.292 -999.9    330
RWBU 2015  7 23 204   16.9   30.7 14.267  2.924    0.0  0.313 -999.9    330
RWBU 2015  7 24 205   15.4   31.9 14.458  2.922    0.0  0.254 -999.9    330
RWBU 2015  7 25 206   17.3   32.6 14.375  2.996    0.0  0.275 -999.9    330
RWBU 2015  7 26 207   19.3   32.5 12.535  2.744    0.0  0.254 -999.9    330
RWBU 2015  7 27 208   17.3   33.0 13.990  2.899    0.0  0.217 -999.9    330
RWBU 2015  7 28 209   16.7   31.6 14.526  3.004    0.0  0.325 -999.9    330
RWBU 2015  7 29 210   17.8   31.2 14.656  3.019    0.0  0.313 -999.9    330
RWBU 2015  7 30 211   18.3   29.6 12.193  2.586    0.0  0.233 -999.9    330
RWBU 2015  7 31 212   17.3   30.4 12.798  2.789    0.0  0.400 -999.9    330
RWBU 2015  8  1 213   17.1   32.6 13.849  2.950    0.0  0.296 -999.9    330
RWBU 2015  8  2 214   18.9   26.1  7.416  1.971    0.0  0.417 -999.9    330
RWBU 2015  8  3 215   15.3   27.9 11.045  2.316    0.0  0.217 -999.9    330
RWBU 2015  8  4 216   18.2   31.3 14.864  3.168    0.0  0.404 -999.9    330
RWBU 2015  8  5 217   17.4   31.2 14.922  3.131    0.0  0.371 -999.9    330
RWBU 2015  8  6 218   15.8   32.7 15.286  3.197    0.0  0.354 -999.9    330
RWBU 2015  8  7 219   18.2   31.6 15.620  3.268    0.0  0.367 -999.9    330
RWBU 2015  8  8 220   16.9   30.9 14.598  3.071    0.0  0.367 -999.9    330
RWBU 2015  8  9 221   16.6   30.8 15.455  3.192    0.0  0.379 -999.9    330
RWBU 2015  8 10 222   16.6   31.3 11.887  2.571    0.0  0.217 -999.9    330
RWBU 2015  8 11 223   19.0   30.2  8.665  2.057    0.0  0.154 -999.9    330
RWBU 2015  8 12 224   16.5   32.9 14.396  3.042    0.0  0.279 -999.9    330
RWBU 2015  8 13 225   16.9   32.7 14.854  3.174    0.0  0.350 -999.9    330
RWBU 2015  8 14 226   17.2   32.2 12.845  2.878    0.0  0.363 -999.9    330
RWBU 2015  8 15 227   18.5   32.7 15.426  3.327    0.0  0.383 -999.9    330
RWBU 2015  8 16 228   17.0   32.4 16.668  3.576    0.0  0.508 -999.9    330
RWBU 2015  8 17 229   17.8   32.3 17.593  3.749    0.0  0.533 -999.9    330
RWBU 2015  8 18 230   15.7   32.2 17.431  3.442    0.0  0.313 -999.9    330
RWBU 2015  8 19 231   16.0   33.8 16.366  3.311    0.0  0.233 -999.9    330
RWBU 2015  8 20 232   16.4   34.3 15.988  3.345    0.0  0.292 -999.9    330
RWBU 2015  8 21 233   19.3   33.4 15.185  3.347    0.4  0.383 -999.9    330
RWBU 2015  8 22 234   16.8   33.1 17.327  3.670    0.0  0.458 -999.9    330
RWBU 2015  8 23 235   19.6   31.2 15.664  3.600    0.0  0.613 -999.9    330
RWBU 2015  8 24 236   15.7   31.3 18.194  3.756    0.0  0.529 -999.9    330
RWBU 2015  8 25 237   16.4   32.6 18.666  3.687    0.0  0.333 -999.9    330
RWBU 2015  8 26 238   16.7   33.8 19.508  3.950    0.0  0.388 -999.9    330
RWBU 2015  8 27 239   16.1   33.8 19.602  3.880    0.0  0.317 -999.9    330
RWBU 2015  8 28 240   17.3   33.6 19.033  3.863    0.0  0.350 -999.9    330
RWBU 2015  8 29 241   17.9   34.0 18.072  3.752    0.0  0.325 -999.9    330
RWBU 2015  8 30 242   18.4   33.9 18.727  3.837    0.0  0.308 -999.9    330
RWBU 2015  8 31 243   17.9   33.9 18.922  4.076    4.0  0.567 -999.9    330
RWBU 2015  9  1 244   17.7   31.4 20.383  4.156    0.0  0.579 -999.9    330
RWBU 2015  9  2 245   17.7   33.1 20.941  4.338    0.0  0.546 -999.9    330
RWBU 2015  9  3 246   18.9   33.1 19.336  4.140    0.0  0.596 -999.9    330
RWBU 2015  9  4 247   17.7   26.6 11.333  2.460    5.8  0.446 -999.9    330
RWBU 2015  9  5 248   17.1   30.8 18.925  3.815   12.8  0.404 -999.9    330
RWBU 2015  9  6 249   17.0   25.8  9.410  2.114    5.0  0.454 -999.9    330
RWBU 2015  9  7 250   17.7   31.8 20.488  4.103    0.0  0.321 -999.9    330
RWBU 2015  9  8 251   19.4   33.1 20.765  4.229    0.0  0.321 -999.9    330
RWBU 2015  9  9 252   17.5   33.0 19.919  4.090    0.0  0.379 -999.9    330
RWBU 2015  9 10 253   18.5   32.7 21.064  4.321    0.0  0.454 -999.9    330
RWBU 2015  9 11 254   17.9   32.6 20.909  4.185    0.0  0.350 -999.9    330
RWBU 2015  9 12 255   17.7   32.8 17.600  3.716    0.0  0.383 -999.9    330
RWBU 2015  9 13 256   18.2   32.6 15.214  3.398    0.0  0.479 -999.9    330
RWBU 2015  9 14 257   17.1   33.2 19.530  3.965    0.0  0.313 -999.9    330
RWBU 2015  9 15 258   16.2   32.4 19.728  3.931    0.0  0.333 -999.9    330
RWBU 2015  9 16 259   18.2   33.4 18.576  3.916    0.0  0.388 -999.9    330
RWBU 2015  9 17 260   17.2   33.0 17.968  3.777    0.6  0.367 -999.9    330
RWBU 2015  9 18 261   16.7   32.6 19.969  4.129    0.0  0.492 -999.9    330
RWBU 2015  9 19 262   17.9   33.5 18.346  3.996    0.0  0.567 -999.9    330
RWBU 2015  9 20 263   17.3   34.2 21.640  4.452    0.0  0.438 -999.9    330
RWBU 2015  9 21 264   17.1   33.2 20.434  4.074    0.0  0.350 -999.9    330
RWBU 2015  9 22 265   16.2   33.4 20.844  4.114    0.0  0.313 -999.9    330
RWBU 2015  9 23 266   17.2   33.4 17.078  3.738    0.0  0.479 -999.9    330
RWBU 2015  9 24 267   16.8   34.1 20.470  4.307    0.0  0.496 -999.9    330
RWBU 2015  9 25 268   18.1   32.6 16.164  3.621    2.0  0.596 -999.9    330
RWBU 2015  9 26 269   17.7   29.8 12.175  2.707    0.0  0.321 -999.9    330
RWBU 2015  9 27 270   19.2   30.5 12.643  2.875    0.0  0.408 -999.9    330
RWBU 2015  9 28 271   19.4   30.6 13.439  2.962    0.6  0.304 -999.9    330
RWBU 2015  9 29 272   16.6   32.8 20.426  4.118    0.2  0.304 -999.9    330
RWBU 2015  9 30 273   19.3   32.4 16.733  3.674    0.0  0.458 -999.9    330
RWBU 2015 10  1 274   17.7   30.8 13.478  3.042    0.0  0.546 -999.9    330
RWBU 2015 10  2 275   16.9   30.1 13.349  2.862   17.4  0.342 -999.9    330
RWBU 2015 10  3 276   17.5   27.4 10.987  2.364    0.4  0.138 -999.9    330
RWBU 2015 10  4 277   17.5   32.3 20.963  4.295    0.0  0.438 -999.9    330
RWBU 2015 10  5 278   19.0   31.5 20.866  4.311    0.0  0.504 -999.9    330
RWBU 2015 10  6 279   18.4   33.0 15.602  3.551    0.0  0.529 -999.9    330
RWBU 2015 10 26 299   21.0   23.9  0.000  0.779    0.0  0.567 -999.9    330
RWBU 2015 10 27 300   17.7   30.9 16.556  3.485    0.0  0.450 -999.9    330
RWBU 2015 10 28 301   17.7   30.4 17.431  3.578    0.6  0.317 -999.9    330
RWBU 2015 10 29 302   17.9   27.7  8.258  1.915   19.6  0.138 -999.9    330
RWBU 2015 10 30 303   17.9   28.8 15.541  3.185    0.2  0.192 -999.9    330
RWBU 2015 10 31 304   18.3   28.6 14.414  3.000    0.2  0.225 -999.9    330
RWBU 2015 11  1 305   18.1   29.2 17.107  3.476    0.2  0.283 -999.9    330
RWBU 2015 11  2 306   17.4   27.6 12.107  2.579    0.0  0.263 -999.9    330
RWBU 2015 11  3 307   17.6   32.7 22.579  4.544    0.0  0.271 -999.9    330
RWBU 2015 11  4 308   17.7   28.1  9.432  2.124    1.8  0.192 -999.9    330
RWBU 2015 11  5 309   17.0   22.9  7.330  1.667   11.0  0.050 -999.9    330
RWBU 2015 11  6 310   17.8   28.2 14.357  2.948    0.0  0.158 -999.9    330
RWBU 2015 11  7 311   17.4   26.8  9.079  2.017    9.4  0.067 -999.9    330
RWBU 2015 11  8 312   16.7   27.5 12.686  2.625    0.2  0.142 -999.9    330
RWBU 2015 11  9 313   17.1   23.2  8.514  1.860    3.6  0.175 -999.9    330
RWBU 2015 11 10 314   16.1   26.9 14.213  2.840    1.8  0.092 -999.9    330
RWBU 2015 11 11 315   17.3   29.8 22.100  4.232    0.2  0.000 -999.9    330
RWBU 2015 11 12 316   19.2   31.6 18.094  3.671    0.0  0.000 -999.9    330
RWBU 2015 11 13 317   18.1   29.3 14.090  2.921    3.2  0.000 -999.9    330
RWBU 2015 11 14 318   17.3   30.9 21.344  4.167    0.2  0.000 -999.9    330
RWBU 2015 11 15 319   17.8   26.6  7.816  1.807    3.4  0.088 -999.9    330
RWBU 2015 11 16 320   16.8   23.9  7.628  1.718    1.4  0.000 -999.9    330
RWBU 2015 11 17 321   17.3   25.6  9.767  2.097    0.0  0.000 -999.9    330
RWBU 2015 11 18 322   17.9   29.3 16.510  3.307    0.0  0.000 -999.9    330
RWBU 2015 11 19 323   18.1   27.4 14.976  3.015    3.8  0.067 -999.9    330
RWBU 2015 11 20 324   18.2   29.1 12.798  2.722    2.0  0.208 -999.9    330
RWBU 2015 11 21 325   16.5   25.6 12.935  2.599    0.4  0.138 -999.9    330
RWBU 2015 11 22 326   16.9   28.7 14.951  3.037    0.2  0.158 -999.9    330
RWBU 2015 11 23 327   18.0   30.4 18.806  3.785    0.2  0.238 -999.9    330
RWBU 2015 11 24 328   18.2   30.4 19.307  3.834    1.8  0.167 -999.9    330
RWBU 2015 11 25 329   17.6   32.4 21.395  4.312    0.0  0.250 -999.9    330
RWBU 2015 11 26 330   17.9   31.8 10.814  2.464   20.8  0.267 -999.9    330
RWBU 2015 11 27 331   17.1   23.2  9.209  1.983    0.2  0.358 -999.9    330
RWBU 2015 11 28 332   16.8   25.3 10.908  2.269    0.0  0.104 -999.9    330
RWBU 2015 11 29 333   16.6   27.7 14.530  2.927    8.0  0.263 -999.9    330
RWBU 2015 11 30 334   16.6   23.1  7.654  1.704   11.4  0.121 -999.9    330
RWBU 2015 12  1 335   16.2   29.2 17.816  3.525    4.2  0.100 -999.9    330
RWBU 2015 12  2 336   16.7   25.8 11.610  2.388    1.6  0.050 -999.9    330
RWBU 2015 12  3 337   16.7   29.3 15.354  3.115    1.8  0.104 -999.9    330
RWBU 2015 12  4 338   17.3   26.5 10.130  2.171    0.2  0.050 -999.9    330
RWBU 2015 12  5 339   17.6   27.3 11.592  2.446    0.0  0.158 -999.9    330
RWBU 2015 12  6 340   17.5   30.4 22.306  4.352    0.0  0.271 -999.9    330
RWBU 2015 12  7 341   17.0   31.6 22.410  4.368    0.0  0.158 -999.9    330
RWBU 2015 12  8 342   18.4   30.2 15.977  3.308    0.4  0.250 -999.9    330
RWBU 2015 12  9 343   17.7   30.8 14.004  2.943    0.2  0.104 -999.9    330
RWBU 2015 12 10 344   17.4   29.3 13.838  2.895    0.0  0.292 -999.9    330
RWBU 2015 12 11 345   17.4   31.4 22.036  4.355    0.0  0.346 -999.9    330
RWBU 2015 12 12 346   18.6   27.9 12.989  2.764    1.8  0.392 -999.9    330
RWBU 2015 12 13 347   17.8   29.1 11.545  2.483    2.0  0.133 -999.9    330
RWBU 2015 12 14 348   18.7   22.2  3.931  1.124    0.6  0.000 -999.9    330
RWBU 2015 12 15 349   17.7   27.4 12.110  2.529    0.0  0.117 -999.9    330
RWBU 2015 12 16 350   17.8   27.9 10.418  2.256    0.0  0.083 -999.9    330
RWBU 2015 12 17 351   17.8   28.2  8.748  1.985    1.2  0.121 -999.9    330
RWBU 2015 12 18 352   16.9   29.6 15.865  3.214    0.2  0.175 -999.9    330
RWBU 2015 12 19 353   17.4   23.8  7.376  1.687    1.4  0.142 -999.9    330
RWBU 2015 12 20 354   16.1   26.8 14.512  2.877    1.2  0.267 -999.9    330
RWBU 2015 12 21 355   15.8   29.5 15.728  3.162   16.4  0.204 -999.9    330
RWBU 2015 12 22 356   18.2   30.3 22.165  4.343    0.2  0.250 -999.9    330
RWBU 2015 12 23 357   18.2   30.7 19.951  3.969    0.0  0.213 -999.9    330
RWBU 2015 12 24 358   17.4   27.7 12.928  2.671    0.2  0.154 -999.9    330
RWBU 2015 12 25 359   17.6   30.3 15.858  3.244    0.2  0.175 -999.9    330
RWBU 2015 12 26 360   17.8   31.6 18.252  3.712    0.0  0.233 -999.9    330
RWBU 2015 12 27 361   17.9   31.6 16.574  3.437    3.8  0.196 -999.9    330
RWBU 2015 12 28 362   18.1   29.7 12.254  2.631    0.2  0.158 -999.9    330
RWBU 2015 12 29 363   18.4   28.9 11.297  2.453    2.2  0.154 -999.9    330
RWBU 2015 12 30 364   17.4   31.0 18.742  3.750    0.2  0.208 -999.9    330
RWBU 2015 12 31 365   18.7   32.7 21.712  4.365    0.0  0.288 -999.9    330
