GHKP 2009  1  1   1   21.8   33.3 11.400  2.775    0.0  1.200 -999.9    330
GHKP 2009  1  2   2   21.5   33.1 16.200  3.876    0.0  1.600 -999.9    330
GHKP 2009  1  3   3   21.6   32.8 14.600  3.414    2.1  1.200 -999.9    330
GHKP 2009  1  4   4   21.5   33.5 17.100  3.891    0.0  1.500 -999.9    330
GHKP 2009  1  5   5   21.9   33.5 18.400  4.047    0.0  1.300 -999.9    330
GHKP 2009  1  6   6   22.1   34.0 14.700  3.553    0.0  1.300 -999.9    330
GHKP 2009  1  7   7   21.6   35.0 16.700  3.935    0.0  1.200 -999.9    330
GHKP 2009  1  8   8   21.8   32.3 17.500  3.830    0.0  1.900 -999.9    330
GHKP 2009  1  9   9   21.7   33.4  9.100  3.279    0.0  2.200 -999.9    330
GHKP 2009  1 10  10   21.5   34.5 17.900  3.957    0.0  1.500 -999.9    330
GHKP 2009  1 11  11   21.4   32.7 19.700  4.180    0.0  1.300 -999.9    330
GHKP 2009  1 12  12   21.2   34.6 19.200  4.164    0.0  1.500 -999.9    330
GHKP 2009  1 13  13   21.5   34.6 18.400  3.970    0.0  1.100 -999.9    330
GHKP 2009  1 14  14   21.7   35.6 17.000  3.680    0.0  0.500 -999.9    330
GHKP 2009  1 15  15   21.9   33.5 18.900  4.249    0.0  1.100 -999.9    330
GHKP 2009  1 16  16   22.0   34.8 20.100  4.774    0.0  2.000 -999.9    330
GHKP 2009  1 17  17   22.0   33.5 18.500  4.545    0.0  2.200 -999.9    330
GHKP 2009  1 18  18   22.3   32.3 12.200  3.167    0.0  2.000 -999.9    330
GHKP 2009  1 19  19   22.3   31.5 15.000  3.933    0.0  1.400 -999.9    330
GHKP 2009  1 20  20   22.2   31.0 19.000  4.699    0.0  1.500 -999.9    330
GHKP 2009  1 21  21   21.9   32.5 18.200  5.139    0.0  1.800 -999.9    330
GHKP 2009  1 22  22   21.5   31.5 17.400  4.927    0.0  1.800 -999.9    330
GHKP 2009  1 23  23   21.6   31.0 17.100  4.377    0.0  1.300 -999.9    330
GHKP 2009  1 24  24   22.1   34.0  9.100  2.976    0.0  0.700 -999.9    330
GHKP 2009  1 25  25   22.2   35.5 13.900  4.098    0.0  1.100 -999.9    330
GHKP 2009  1 26  26   22.4   35.2 15.900  4.576    0.0  1.500 -999.9    330
GHKP 2009  1 27  27   22.7   33.6 17.200  4.584    0.0  1.700 -999.9    330
GHKP 2009  1 28  28   22.9   35.8 16.600  4.115    0.0  1.800 -999.9    330
GHKP 2009  1 29  29   22.9   35.5 17.100  4.115    0.0  1.700 -999.9    330
GHKP 2009  1 30  30   22.9   33.3 14.900  3.598    0.0  1.500 -999.9    330
GHKP 2009  1 31  31   23.1   33.3 16.200  3.893   35.9  1.300 -999.9    330
GHKP 2009  2  1  32   22.9   35.5 20.900  4.930    0.0  1.800 -999.9    330
GHKP 2009  2  2  33   23.1   33.0 20.400  4.478    0.0  1.800 -999.9    330
GHKP 2009  2  3  34   23.4   35.0 13.000  3.613    0.0  1.700 -999.9    330
GHKP 2009  2  4  35   23.5   35.0 19.000  4.492    0.0  1.700 -999.9    330
GHKP 2009  2  5  36   23.4   36.0 20.600  4.774    0.0  1.700 -999.9    330
GHKP 2009  2  6  37   23.3   36.3 20.600  4.832    0.0  2.000 -999.9    330
GHKP 2009  2  7  38   23.4   36.3 18.600  4.753    0.0  2.300 -999.9    330
GHKP 2009  2  8  39   23.6   34.9 15.900  3.978   11.9  1.900 -999.9    330
GHKP 2009  2  9  40   23.7   34.8 19.100  4.543    0.0  1.800 -999.9    330
GHKP 2009  2 10  41   23.8   34.4 20.500  4.687    0.6  1.500 -999.9    330
GHKP 2009  2 11  42   23.7   35.0 16.100  3.940    1.0  1.600 -999.9    330
GHKP 2009  2 12  43   23.7   33.0 18.200  4.409    0.0  1.800 -999.9    330
GHKP 2009  2 13  44   23.8   35.0 17.600  4.573    0.0  1.900 -999.9    330
GHKP 2009  2 14  45   23.9   31.7 16.600  4.003    0.8  2.100 -999.9    330
GHKP 2009  2 15  46   23.6   34.0 17.700  4.333    0.0  1.900 -999.9    330
GHKP 2009  2 16  47   23.8   34.0 16.000  4.025    0.0  2.000 -999.9    330
GHKP 2009  2 17  48   24.2   34.8 18.000  4.513    0.0  1.600 -999.9    330
GHKP 2009  2 18  49   24.3   34.9 18.900  4.410    0.0  1.100 -999.9    330
GHKP 2009  2 19  50   24.4   35.5 17.700  4.235   10.3  1.800 -999.9    330
GHKP 2009  2 20  51   24.5   33.5 19.000  4.463    0.0  1.700 -999.9    330
GHKP 2009  2 21  52   24.6   33.5 19.400  4.416    0.0  1.900 -999.9    330
GHKP 2009  2 22  53   24.5   35.3 17.600  4.318   43.1  1.800 -999.9    330
GHKP 2009  2 23  54   24.6   34.6 19.200  4.552    0.0  1.700 -999.9    330
GHKP 2009  2 24  55   24.2   33.9 15.900  3.925    0.0  1.900 -999.9    330
GHKP 2009  2 25  56   24.3   34.3 19.700  4.597    2.0  1.800 -999.9    330
GHKP 2009  2 26  57   24.6   34.2 15.000  3.822    0.0  1.800 -999.9    330
GHKP 2009  2 27  58   24.6   34.6 18.400  4.424    0.0  1.700 -999.9    330
GHKP 2009  2 28  59   24.3   35.1 10.900  3.174    0.0  1.700 -999.9    330
GHKP 2009  3  1  60   24.7   33.2 18.000  4.040    0.0  1.400 -999.9    330
GHKP 2009  3  2  61   24.7   35.0 14.200  3.527    0.0  1.400 -999.9    330
GHKP 2009  3  3  62   24.2   35.8 18.000  4.492    0.7  1.700 -999.9    330
GHKP 2009  3  4  63   24.7   36.0 18.000  4.462    0.0  1.700 -999.9    330
GHKP 2009  3  5  64   24.4   36.0 17.600  4.483    0.0  1.800 -999.9    330
GHKP 2009  3  6  65   24.5   33.5 18.000  4.351    0.0  1.800 -999.9    330
GHKP 2009  3  7  66   24.4   35.0 18.200  4.365    0.0  1.900 -999.9    330
GHKP 2009  3  8  67   24.6   34.1 16.100  3.957    5.4  1.500 -999.9    330
GHKP 2009  3  9  68   24.6   35.5 18.900  4.474    0.0  1.500 -999.9    330
GHKP 2009  3 10  69   24.2   34.7 21.500  4.951    0.0  1.700 -999.9    330
GHKP 2009  3 11  70   24.5   34.8 16.100  3.899   25.7  1.600 -999.9    330
GHKP 2009  3 12  71   24.3   34.0 20.000  4.576    0.0  1.400 -999.9    330
GHKP 2009  3 13  72   24.6   35.0 12.300  3.139    8.6  1.200 -999.9    330
GHKP 2009  3 14  73   24.3   34.6 17.100  4.239    0.0  1.800 -999.9    330
GHKP 2009  3 15  74   24.5   32.5 14.200  3.641    0.0  1.900 -999.9    330
GHKP 2009  3 16  75   24.1   34.5 10.900  3.181    0.0  2.200 -999.9    330
GHKP 2009  3 17  76   24.2   35.0 18.200  4.514    0.0  1.900 -999.9    330
GHKP 2009  3 18  77   24.2   35.0 20.700  5.002    7.2  1.800 -999.9    330
GHKP 2009  3 19  78   24.6   35.7 17.700  4.387    0.0  1.400 -999.9    330
GHKP 2009  3 20  79   24.6   33.9 18.800  4.446    0.0  1.300 -999.9    330
GHKP 2009  3 21  80   24.4   33.0 19.900  4.521    0.0  1.300 -999.9    330
GHKP 2009  3 22  81   24.1   35.6 22.400  5.114    0.0  1.800 -999.9    330
GHKP 2009  3 23  82   24.2   35.3 21.500  4.951    0.0  1.700 -999.9    330
GHKP 2009  3 24  83   24.1   34.5 21.900  5.220    0.0  1.800 -999.9    330
GHKP 2009  3 25  84   24.4   35.2 19.000  4.585    5.3  1.700 -999.9    330
GHKP 2009  3 26  85   24.6   34.7 15.500  3.906    0.0  1.900 -999.9    330
GHKP 2009  3 27  86   24.7   35.1 19.000  4.605    1.9  1.400 -999.9    330
GHKP 2009  3 28  87   24.4   31.6 19.200  4.389   11.7  1.900 -999.9    330
GHKP 2009  3 29  88   24.6   35.8 10.100  3.005    0.0  1.700 -999.9    330
GHKP 2009  3 30  89   24.5   34.0 19.600  4.670   11.7  1.700 -999.9    330
GHKP 2009  3 31  90   24.9   35.0 20.700  5.083    0.0  2.500 -999.9    330
GHKP 2009  4  1  91   24.5   32.5 19.600  4.365    0.0  2.100 -999.9    330
GHKP 2009  4  2  92   24.4   36.2 17.500  4.417    0.0  1.900 -999.9    330
GHKP 2009  4  3  93   23.8   36.4 23.100  5.418    0.0  1.800 -999.9    330
GHKP 2009  4  4  94   24.0   35.4 22.500  5.068    0.0  1.700 -999.9    330
GHKP 2009  4  5  95   23.8   36.7 15.800  4.256    0.0  1.500 -999.9    330
GHKP 2009  4  6  96   23.8   37.1 23.400  5.466    0.0  1.400 -999.9    330
GHKP 2009  4  7  97   23.9   30.7 22.500  4.782    0.0  1.700 -999.9    330
GHKP 2009  4  8  98   23.9   34.0 10.200  2.691   28.0  1.200 -999.9    330
GHKP 2009  4  9  99   23.8   34.6 19.600  4.592    0.0  1.600 -999.9    330
GHKP 2009  4 10 100   24.1   35.3 21.500  5.081    0.0  2.000 -999.9    330
GHKP 2009  4 11 101   23.9   35.6 22.600  5.358    0.0  1.900 -999.9    330
GHKP 2009  4 12 102   23.9   32.5 18.900  4.548    0.0  1.700 -999.9    330
GHKP 2009  4 13 103   24.0   33.5 11.000  2.931    8.8  1.300 -999.9    330
GHKP 2009  4 14 104   24.3   35.5 22.900  5.216    0.0  1.200 -999.9    330
GHKP 2009  4 15 105   23.9   28.5 10.200  2.745   13.9  1.300 -999.9    330
GHKP 2009  4 16 106   24.0   34.7 23.800  5.294    0.0  1.600 -999.9    330
GHKP 2009  4 17 107   24.0   34.8 25.000  5.700    0.0  1.500 -999.9    330
GHKP 2009  4 18 108   23.7   31.2 24.300  5.241   22.6  1.700 -999.9    330
GHKP 2009  4 19 109   23.6   34.9 21.000  4.770    0.0  1.200 -999.9    330
GHKP 2009  4 20 110   23.7   33.2 24.500  5.295    0.0  1.200 -999.9    330
GHKP 2009  4 21 111   23.3   33.7 24.200  5.260   12.3  1.500 -999.9    330
GHKP 2009  4 22 112   23.8   34.7 21.900  4.947    0.0  1.300 -999.9    330
GHKP 2009  4 23 113   23.6   33.6 24.800  5.408    0.0  1.500 -999.9    330
GHKP 2009  4 24 114   23.4   34.2 18.900  4.251   26.6  1.200 -999.9    330
GHKP 2009  4 25 115   23.6   34.2 21.000  4.820    0.3  1.400 -999.9    330
GHKP 2009  4 26 116   23.5   32.8 20.400  4.479    3.0  1.400 -999.9    330
GHKP 2009  4 27 117   23.9   34.0 15.000  3.531    0.0  1.500 -999.9    330
GHKP 2009  4 28 118   23.8   34.5 20.300  4.659    0.0  1.200 -999.9    330
GHKP 2009  4 29 119   23.7   36.0 20.200  4.676    0.0  1.300 -999.9    330
GHKP 2009  4 30 120   23.8   35.6 23.500  5.246    0.0  1.600 -999.9    330
GHKP 2009  5  1 121   23.7   35.0 18.700  4.349    0.0  1.700 -999.9    330
GHKP 2009  5  2 122   23.4   31.5 21.100  4.421    0.0  1.600 -999.9    330
GHKP 2009  5  3 123   23.5   34.7 23.300  4.978    0.0  1.400 -999.9    330
GHKP 2009  5  4 124   23.3   34.7 21.500  4.743    7.1  1.300 -999.9    330
GHKP 2009  5  5 125   23.4   33.2 10.000  2.529    2.6  1.200 -999.9    330
GHKP 2009  5  6 126   23.3   33.5 14.700  3.305    0.0  1.500 -999.9    330
GHKP 2009  5  7 127   23.7   32.9 14.000  3.442    1.2  1.600 -999.9    330
GHKP 2009  5  8 128   23.5   34.5 17.400  4.170    0.0  1.800 -999.9    330
GHKP 2009  5  9 129   23.3   29.5 20.200  4.026    3.2  1.200 -999.9    330
GHKP 2009  5 10 130   23.5   34.0  9.900  2.367    0.0  0.900 -999.9    330
GHKP 2009  5 11 131   23.3   35.0 24.400  5.329    0.0  1.100 -999.9    330
GHKP 2009  5 12 132   23.1   34.8 10.900  3.283    0.0  1.300 -999.9    330
GHKP 2009  5 13 133   23.6   36.0 22.800  5.302    0.0  1.500 -999.9    330
GHKP 2009  5 14 134   23.5   34.5 23.100  5.061    0.0  1.400 -999.9    330
GHKP 2009  5 15 135   23.3   33.5 19.100  4.329    0.0  1.500 -999.9    330
GHKP 2009  5 16 136   23.5   35.3 21.400  4.852    0.0  1.200 -999.9    330
GHKP 2009  5 17 137   23.3   35.0 22.300  4.979    0.0  1.100 -999.9    330
GHKP 2009  5 18 138   23.5   35.5 22.600  5.104    0.0  1.300 -999.9    330
GHKP 2009  5 19 139   23.1   33.4 19.800  4.313    4.3  1.100 -999.9    330
GHKP 2009  5 20 140   23.2   34.7 17.000  3.872    0.0  1.300 -999.9    330
GHKP 2009  5 21 141   23.2   35.0 23.600  5.243    0.0  1.400 -999.9    330
GHKP 2009  5 22 142   23.3   35.7 22.200  5.044    0.0  1.800 -999.9    330
GHKP 2009  5 23 143   23.3   36.2 23.100  5.245    0.0  1.400 -999.9    330
GHKP 2009  5 24 144   23.1   30.0 20.600  4.393   60.7  1.300 -999.9    330
GHKP 2009  5 25 145   23.2   33.8 12.500  2.995    4.3  1.200 -999.9    330
GHKP 2009  5 26 146   23.1   34.2 20.900  4.678    0.0  1.400 -999.9    330
GHKP 2009  5 27 147   23.4   35.0 23.300  5.134    0.0  1.200 -999.9    330
GHKP 2009  5 28 148   22.9   34.6 20.400  4.531    0.0  1.600 -999.9    330
GHKP 2009  5 29 149   22.9   31.4 18.600  3.977    1.0  1.500 -999.9    330
GHKP 2009  5 30 150   22.9   32.0 12.200  2.964    0.0  1.200 -999.9    330
GHKP 2009  5 31 151   22.7   33.0 19.500  4.288    0.0  1.100 -999.9    330
GHKP 2009  6  1 152   22.8   33.6 20.600  4.417    0.0  1.500 -999.9    330
GHKP 2009  6  2 153   23.6   34.2 19.700  4.299    0.0  1.600 -999.9    330
GHKP 2009  6  3 154   23.5   33.5 22.100  4.671    0.0  1.500 -999.9    330
GHKP 2009  6  4 155   23.3   32.4 18.700  4.097    0.0  1.700 -999.9    330
GHKP 2009  6  5 156   23.3   32.5 14.900  3.297    0.0  1.000 -999.9    330
GHKP 2009  6  6 157   23.2   32.5 16.800  3.770    0.0  1.200 -999.9    330
GHKP 2009  6  7 158   23.3   34.8 18.900  4.191    0.0  0.900 -999.9    330
GHKP 2009  6  8 159   23.1   34.5 20.700  4.634    0.0  1.500 -999.9    330
GHKP 2009  6  9 160   22.9   32.5 21.100  4.606    0.4  2.000 -999.9    330
GHKP 2009  6 10 161   23.2   30.5 14.400  3.227    0.0  1.900 -999.9    330
GHKP 2009  6 11 162   22.9   32.0 10.600  2.642  186.7  1.300 -999.9    330
GHKP 2009  6 12 163   23.1   27.0 14.700  3.050    1.7  1.100 -999.9    330
GHKP 2009  6 13 164   23.1   31.9  9.600  2.318    4.3  0.400 -999.9    330
GHKP 2009  6 14 165   23.2   32.9 14.100  3.246    0.0  1.000 -999.9    330
GHKP 2009  6 15 166   22.9   29.0 22.400  4.368   15.1  1.400 -999.9    330
GHKP 2009  6 16 167   23.1   31.2 10.300  2.581    0.0  1.500 -999.9    330
GHKP 2009  6 17 168   23.1   32.9 13.800  3.264    0.5  1.200 -999.9    330
GHKP 2009  6 18 169   23.0   32.7 22.100  4.643    0.0  0.900 -999.9    330
GHKP 2009  6 19 170   23.1   31.6 17.600  3.841   24.9  1.600 -999.9    330
GHKP 2009  6 20 171   23.1   27.5 15.800  3.269    0.0  1.700 -999.9    330
GHKP 2009  6 21 172   23.0   32.5  9.600  2.388    0.0  0.800 -999.9    330
GHKP 2009  6 22 173   22.8   32.8 17.600  3.727    6.0  0.500 -999.9    330
GHKP 2009  6 23 174   22.9   29.1 19.500  3.929   13.4  1.200 -999.9    330
GHKP 2009  6 24 175   23.1   30.4  9.800  2.494    0.6  1.600 -999.9    330
GHKP 2009  6 25 176   23.1   30.5 11.500  2.873   14.3  1.800 -999.9    330
GHKP 2009  6 26 177   22.9   30.5 11.500  2.548    2.0  1.000 -999.9    330
GHKP 2009  6 27 178   22.9   26.5 13.800  2.907    0.0  1.500 -999.9    330
GHKP 2009  6 28 179   22.7   28.9  9.600  2.463   12.2  1.700 -999.9    330
GHKP 2009  6 29 180   22.9   29.5 11.000  2.713    0.5  1.600 -999.9    330
GHKP 2009  6 30 181   22.6   29.7 14.700  3.312    0.2  1.500 -999.9    330
GHKP 2009  7  1 182   22.7   31.5 14.400  3.386    0.0  1.500 -999.9    330
GHKP 2009  7  2 183   22.6   32.7 18.800  4.243    0.0  1.400 -999.9    330
GHKP 2009  7  3 184   22.7   31.1 20.500  4.274    0.0  1.300 -999.9    330
GHKP 2009  7  4 185   22.5   31.3 14.400  3.364    0.0  1.600 -999.9    330
GHKP 2009  7  5 186   22.6   31.3 20.200  4.157    0.0  1.600 -999.9    330
GHKP 2009  7  6 187   22.5   32.0 16.300  3.530    3.9  1.800 -999.9    330
GHKP 2009  7  7 188   22.4   27.8 15.800  3.233    0.0  1.800 -999.9    330
GHKP 2009  7  8 189   22.4   28.9  9.700  2.316    1.9  1.600 -999.9    330
GHKP 2009  7  9 190   22.3   28.5 10.100  2.368    0.9  1.200 -999.9    330
GHKP 2009  7 10 191   22.4   28.5 11.200  2.458    2.9  2.300 -999.9    330
GHKP 2009  7 11 192   22.8   28.5 10.700  3.085    0.0  1.900 -999.9    330
GHKP 2009  7 12 193   22.4   30.7 12.600  3.463    0.0  1.500 -999.9    330
GHKP 2009  7 13 194   22.4   29.7 16.900  4.019    0.0  1.700 -999.9    330
GHKP 2009  7 14 195   22.6   31.5 12.200  3.063    0.0  1.700 -999.9    330
GHKP 2009  7 15 196   22.4   32.0 22.300  4.964    0.0  1.600 -999.9    330
GHKP 2009  7 16 197   22.5   29.5 20.100  4.456    0.0  1.500 -999.9    330
GHKP 2009  7 17 198   22.6   29.9  9.900  2.851    0.0  2.300 -999.9    330
GHKP 2009  7 18 199   22.6   29.9 10.500  2.930    0.0  2.100 -999.9    330
GHKP 2009  7 19 200   22.6   32.5 20.400  4.640    0.0  1.700 -999.9    330
GHKP 2009  7 20 201   22.2   31.5 19.500  4.236    0.0  1.300 -999.9    330
GHKP 2009  7 21 202   22.5   31.3 15.300  3.519    0.0  1.800 -999.9    330
GHKP 2009  7 22 203   22.6   31.0 19.000  4.247    0.0  2.000 -999.9    330
GHKP 2009  7 23 204   22.5   32.3 13.500  3.480    0.0  1.700 -999.9    330
GHKP 2009  7 24 205   22.2   32.3 15.000  3.589   13.2  1.800 -999.9    330
GHKP 2009  7 25 206   22.0   28.7 12.000  3.277    0.0  2.200 -999.9    330
GHKP 2009  7 26 207   22.2   29.1 12.000  3.588    0.5  1.900 -999.9    330
GHKP 2009  7 27 208   22.2   27.5 10.200  2.578    0.0  1.900 -999.9    330
GHKP 2009  7 28 209   22.0   27.5  9.800  2.823    0.0  2.000 -999.9    330
GHKP 2009  7 29 210   22.1   29.1 15.000  3.710    0.0  1.600 -999.9    330
GHKP 2009  7 30 211   22.3   28.9 13.600  3.287    0.0  1.800 -999.9    330
GHKP 2009  7 31 212   22.5   28.9 12.000  2.652    0.0  2.400 -999.9    330
GHKP 2009  8  1 213   22.2   29.1 14.000  3.452   10.0  1.900 -999.9    330
GHKP 2009  8  2 214   22.2   30.0 11.100  3.070    0.0  1.500 -999.9    330
GHKP 2009  8  3 215   22.4   30.0 12.700  3.156    0.0  1.600 -999.9    330
GHKP 2009  8  4 216   22.1   30.6 10.900  2.851    0.0  1.800 -999.9    330
GHKP 2009  8  5 217   22.3   29.0 20.200  4.246    0.0  1.800 -999.9    330
GHKP 2009  8  6 218   22.2   30.0 10.600  2.877    0.0  2.000 -999.9    330
GHKP 2009  8  7 219   22.0   27.5 11.800  3.032    0.0  1.900 -999.9    330
GHKP 2009  8  8 220   22.1   30.0 12.500  3.153    0.0  1.600 -999.9    330
GHKP 2009  8  9 221   22.0   33.0 15.800  3.903    0.0  1.700 -999.9    330
GHKP 2009  8 10 222   22.0   29.9 20.100  4.320   35.4  1.700 -999.9    330
GHKP 2009  8 11 223   22.1   29.9 11.700  3.127    1.0  1.900 -999.9    330
GHKP 2009  8 12 224   22.2   29.6 10.400  3.004    0.0  2.000 -999.9    330
GHKP 2009  8 13 225   22.2   29.3 11.900  3.017    0.0  1.900 -999.9    330
GHKP 2009  8 14 226   22.4   29.3 10.600  2.727    0.6  1.500 -999.9    330
GHKP 2009  8 15 227   22.2   30.5 14.600  3.591    0.0  1.800 -999.9    330
GHKP 2009  8 16 228   22.2   30.3 13.400  3.405    0.0  1.600 -999.9    330
GHKP 2009  8 17 229   22.1   28.6 15.000  3.261    0.0  1.500 -999.9    330
GHKP 2009  8 18 230   22.5   31.5 10.000  2.916    0.0  1.900 -999.9    330
GHKP 2009  8 19 231   22.2   30.5 14.600  3.735    0.0  1.800 -999.9    330
GHKP 2009  8 20 232   22.1   28.5 14.600  3.217    0.9  1.200 -999.9    330
GHKP 2009  8 21 233   21.9   29.0 12.600  2.899    0.0  1.600 -999.9    330
GHKP 2009  8 22 234   22.2   31.4 16.500  3.866    0.0  1.500 -999.9    330
GHKP 2009  8 23 235   22.2   31.7 10.000  2.819    0.0  1.600 -999.9    330
GHKP 2009  8 24 236   22.2   31.8 15.900  3.763    0.0  1.400 -999.9    330
GHKP 2009  8 25 237   22.3   29.5 10.000  2.526   42.4  1.400 -999.9    330
GHKP 2009  8 26 238   22.3   31.0 14.300  3.546    0.0  1.800 -999.9    330
GHKP 2009  8 27 239   22.4   30.1 18.300  4.131    0.0  1.700 -999.9    330
GHKP 2009  8 28 240   22.5   31.3 18.100  4.112    1.6  1.800 -999.9    330
GHKP 2009  8 29 241   22.4   29.0 10.000  2.880    0.0  2.100 -999.9    330
GHKP 2009  8 30 242   22.3   29.8 16.500  3.775    0.0  1.800 -999.9    330
GHKP 2009  8 31 243   22.4   30.2 13.500  3.293    0.0  1.700 -999.9    330
GHKP 2009  9  1 244   22.3   29.2 12.600  2.955    0.0  1.600 -999.9    330
GHKP 2009  9  2 245   22.4   31.5 11.200  3.184    0.0  1.800 -999.9    330
GHKP 2009  9  3 246   22.4   31.0 13.900  3.413    0.0  1.300 -999.9    330
GHKP 2009  9  4 247   22.6   33.0 12.900  3.299   10.8  1.300 -999.9    330
GHKP 2009  9  5 248   22.5   31.3 14.300  3.232    0.0  1.700 -999.9    330
GHKP 2009  9  6 249   22.5   32.1 11.200  2.841    0.0  1.700 -999.9    330
GHKP 2009  9  7 250   22.4   32.3 14.800  3.540    0.0  1.300 -999.9    330
GHKP 2009  9  8 251   22.4   33.0 17.800  3.948    2.8  1.200 -999.9    330
GHKP 2009  9  9 252   22.0   30.6 18.700  3.886    0.0  1.100 -999.9    330
GHKP 2009  9 10 253   22.4   31.5 17.200  3.937    0.0  1.900 -999.9    330
GHKP 2009  9 11 254   22.4   31.5 12.600  3.154    0.0  1.600 -999.9    330
GHKP 2009  9 12 255   22.4   32.3 15.200  3.332   30.4  1.400 -999.9    330
GHKP 2009  9 13 256   22.3   31.5 20.500  4.266   12.5  1.500 -999.9    330
GHKP 2009  9 14 257   22.2   30.5 19.100  4.117    0.0  1.900 -999.9    330
GHKP 2009  9 15 258   22.4   30.0 13.000  3.106    0.0  1.900 -999.9    330
GHKP 2009  9 16 259   22.6   31.5 10.900  2.666    0.0  1.500 -999.9    330
GHKP 2009  9 17 260   22.3   33.0 14.500  3.398    0.0  1.000 -999.9    330
GHKP 2009  9 18 261   22.4   33.5 22.100  4.917    0.0  1.500 -999.9    330
GHKP 2009  9 19 262   22.4   30.0 20.300  4.635    0.0  2.000 -999.9    330
GHKP 2009  9 20 263   22.6   33.0 13.200  3.762    0.0  1.900 -999.9    330
GHKP 2009  9 21 264   22.4   32.5 20.200  4.600    0.0  1.400 -999.9    330
GHKP 2009  9 22 265   22.3   33.5 17.100  4.002    0.0  1.200 -999.9    330
GHKP 2009  9 23 266   22.7   32.0 23.900  5.102    0.0  1.400 -999.9    330
GHKP 2009  9 24 267   22.8   30.5 21.800  4.773    0.0  1.700 -999.9    330
GHKP 2009  9 25 268   22.6   32.3 14.800  3.553    8.7  1.200 -999.9    330
GHKP 2009  9 26 269   22.6   32.9 14.800  3.603    0.0  1.400 -999.9    330
GHKP 2009  9 27 270   22.8   33.0 16.400  3.865    0.0  1.700 -999.9    330
GHKP 2009  9 28 271   22.5   33.0 19.100  4.270    0.0  1.500 -999.9    330
GHKP 2009  9 29 272   22.4   33.0 17.900  4.155    0.0  1.600 -999.9    330
GHKP 2009  9 30 273   22.6   32.5 19.500  4.410    0.0  1.600 -999.9    330
GHKP 2009 10  1 274   22.6   33.5 20.000  4.474    0.0  1.600 -999.9    330
GHKP 2009 10  2 275   22.9   34.5 16.300  3.941    0.0  1.400 -999.9    330
GHKP 2009 10  3 276   22.6   33.0 18.100  4.134    0.0  1.500 -999.9    330
GHKP 2009 10  4 277   22.6   33.5 18.500  4.198   10.2  1.300 -999.9    330
GHKP 2009 10  5 278   22.5   32.3 17.000  3.867    0.0  1.700 -999.9    330
GHKP 2009 10  6 279   22.6   34.5 12.500  3.444    0.0  1.700 -999.9    330
GHKP 2009 10  7 280   22.5   32.0 18.600  4.159    0.0  1.700 -999.9    330
GHKP 2009 10  8 281   22.3   32.8 18.300  4.037    0.0  1.300 -999.9    330
GHKP 2009 10  9 282   22.4   33.0 18.600  4.281    0.0  1.700 -999.9    330
GHKP 2009 10 10 283   22.6   33.0 22.200  4.830    0.0  1.300 -999.9    330
GHKP 2009 10 11 284   22.4   33.0 17.000  4.057    0.0  1.800 -999.9    330
GHKP 2009 10 12 285   22.6   33.0 20.200  4.509    0.0  1.600 -999.9    330
GHKP 2009 10 13 286   22.6   32.3 17.900  4.088    0.0  1.800 -999.9    330
GHKP 2009 10 14 287   22.5   30.0  9.700  2.626    0.1  1.700 -999.9    330
GHKP 2009 10 15 288   22.5   33.5 13.700  3.394    5.2  1.700 -999.9    330
GHKP 2009 10 16 289   22.4   33.3 21.800  4.760    0.0  1.400 -999.9    330
GHKP 2009 10 17 290   22.4   34.4 21.400  4.843    0.0  1.400 -999.9    330
GHKP 2009 10 18 291   22.5   34.8 22.400  5.122    0.0  1.500 -999.9    330
GHKP 2009 10 19 292   22.8   34.0 19.900  4.707   16.0  1.700 -999.9    330
GHKP 2009 10 20 293   22.6   33.5 16.700  4.102    4.4  1.900 -999.9    330
GHKP 2009 10 21 294   22.6   33.0 14.900  3.449   12.4  1.500 -999.9    330
GHKP 2009 10 22 295   22.5   33.5 21.400  4.573    0.0  1.200 -999.9    330
GHKP 2009 10 23 296   22.5   31.0 21.400  4.476    0.0  1.200 -999.9    330
GHKP 2009 10 24 297   22.4   34.0 12.700  3.235    0.0  1.100 -999.9    330
GHKP 2009 10 25 298   22.5   34.6 19.600  4.431   64.2  1.100 -999.9    330
GHKP 2009 10 26 299   22.4   33.6 18.300  4.026    0.0  0.900 -999.9    330
GHKP 2009 10 27 300   22.5   32.5 17.100  3.874    0.0  1.400 -999.9    330
GHKP 2009 10 28 301   22.7   32.5 16.700  3.842    1.0  1.400 -999.9    330
GHKP 2009 10 29 302   22.5   33.3 16.900  3.741    0.0  1.300 -999.9    330
GHKP 2009 10 30 303   22.5   33.4 20.800  4.551    0.0  1.200 -999.9    330
GHKP 2009 10 31 304   22.8   33.0 21.600  4.538   15.5  0.800 -999.9    330
GHKP 2009 11  1 305   22.7   32.5 20.000  4.242   13.5  0.900 -999.9    330
GHKP 2009 11  2 306   22.4   33.6 10.600  2.844    0.0  1.100 -999.9    330
GHKP 2009 11  3 307   22.5   34.2 17.300  3.943    0.0  1.100 -999.9    330
GHKP 2009 11  4 308   22.5   33.5 19.000  4.121    0.0  1.700 -999.9    330
GHKP 2009 11  5 309   22.7   34.0 12.100  3.036    0.0  1.100 -999.9    330
GHKP 2009 11  6 310   22.6   34.0 18.000  4.127    0.0  1.100 -999.9    330
GHKP 2009 11  7 311   22.6   33.5 18.000  4.195    1.3  1.500 -999.9    330
GHKP 2009 11  8 312   22.4   32.0 14.900  3.611    5.6  2.000 -999.9    330
GHKP 2009 11  9 313   22.6   32.0 14.300  3.325   25.6  1.600 -999.9    330
GHKP 2009 11 10 314   22.7   33.5 18.100  4.024    0.0  0.800 -999.9    330
GHKP 2009 11 11 315   22.5   34.0 18.800  4.282    0.0  1.400 -999.9    330
GHKP 2009 11 12 316   22.5   33.0 22.100  4.751    0.0  1.500 -999.9    330
GHKP 2009 11 13 317   22.6   34.2 21.800  4.759    0.0  1.500 -999.9    330
GHKP 2009 11 14 318   22.7   34.2 16.100  3.765    4.5  1.400 -999.9    330
GHKP 2009 11 15 319   22.8   33.8 17.400  3.922    0.0  1.100 -999.9    330
GHKP 2009 11 16 320   22.7   33.8 18.200  4.010    0.0  0.800 -999.9    330
GHKP 2009 11 17 321   22.7   33.0 21.300  4.548    0.0  1.200 -999.9    330
GHKP 2009 11 18 322   22.7   32.7 20.000  4.372    0.0  1.200 -999.9    330
GHKP 2009 11 19 323   22.8   33.2 19.100  4.266    0.0  1.000 -999.9    330
GHKP 2009 11 20 324   22.6   33.5 19.000  4.159    0.0  0.800 -999.9    330
GHKP 2009 11 21 325   22.8   34.0 19.500  4.483    0.0  1.200 -999.9    330
GHKP 2009 11 22 326   22.8   34.4 19.200  4.637    0.0  1.300 -999.9    330
GHKP 2009 11 23 327   22.7   33.8 19.000  4.275    0.0  0.900 -999.9    330
GHKP 2009 11 24 328   22.5   34.5 16.600  3.932    0.0  1.100 -999.9    330
GHKP 2009 11 25 329   22.6   34.5 20.400  4.538    0.0  1.000 -999.9    330
GHKP 2009 11 26 330   22.6   34.5 20.100  4.591    0.0  1.200 -999.9    330
GHKP 2009 11 27 331   22.7   34.5 20.200  4.502    0.0  1.300 -999.9    330
GHKP 2009 11 28 332   22.7   34.6 17.400  4.037    0.0  1.000 -999.9    330
GHKP 2009 11 29 333   22.4   34.3 20.100  4.235    0.0  0.700 -999.9    330
GHKP 2009 11 30 334   22.5   34.4 18.800  4.113    0.0  0.800 -999.9    330
GHKP 2009 12  1 335   22.5   33.5 18.700  3.928    0.0  0.600 -999.9    330
GHKP 2009 12  2 336   22.4   34.0 18.400  4.058    0.0  1.000 -999.9    330
GHKP 2009 12  3 337   22.5   35.0 16.600  4.015    0.0  1.300 -999.9    330
GHKP 2009 12  4 338   22.7   34.5 17.000  4.004    0.6  1.100 -999.9    330
GHKP 2009 12  5 339   22.6   34.1 17.300  4.076   37.3  1.200 -999.9    330
GHKP 2009 12  6 340   22.7   33.6 19.500  4.348    0.0  1.000 -999.9    330
GHKP 2009 12  7 341   22.6   34.0 18.100  4.026    4.1  1.000 -999.9    330
GHKP 2009 12  8 342   22.5   33.2 19.800  4.321    0.0  1.300 -999.9    330
GHKP 2009 12  9 343   22.2   34.0 16.300  3.882    0.0  1.600 -999.9    330
GHKP 2009 12 10 344   22.0   33.4 13.400  3.616    0.0  1.800 -999.9    330
GHKP 2009 12 11 345   22.4   33.4 16.500  3.819    0.0  1.500 -999.9    330
GHKP 2009 12 12 346   22.3   32.9 14.000  3.406    0.0  1.600 -999.9    330
GHKP 2009 12 13 347   22.2   35.0 10.700  2.906    0.0  1.300 -999.9    330
GHKP 2009 12 14 348   22.2   34.6 20.300  4.272    0.0  0.700 -999.9    330
GHKP 2009 12 15 349   22.0   33.8 20.100  4.379    0.0  1.100 -999.9    330
GHKP 2009 12 16 350   21.9   34.5 16.100  3.849    0.0  1.400 -999.9    330
GHKP 2009 12 17 351   22.0   35.0 19.900  4.503    0.0  1.200 -999.9    330
GHKP 2009 12 18 352   21.9   34.5 18.100  4.182    0.0  1.300 -999.9    330
GHKP 2009 12 19 353   22.0   35.0 18.800  4.265    0.0  1.200 -999.9    330
GHKP 2009 12 20 354   22.2   34.6 19.000  4.400    0.0  1.700 -999.9    330
GHKP 2009 12 21 355   22.0   34.0 16.100  3.900    0.0  1.600 -999.9    330
GHKP 2009 12 22 356   22.0   36.5 18.300  4.381    0.0  1.500 -999.9    330
GHKP 2009 12 23 357   22.1   34.6 20.000  4.490    0.0  1.300 -999.9    330
GHKP 2009 12 24 358   22.1   34.4 18.500  4.215    0.0  1.600 -999.9    330
GHKP 2009 12 25 359   21.5   33.0 19.400  4.023    0.0  1.200 -999.9    330
GHKP 2009 12 26 360   21.7   34.5 16.300  3.765    0.0  1.300 -999.9    330
GHKP 2009 12 27 361   21.6   34.2 19.900  4.379    0.0  1.000 -999.9    330
GHKP 2009 12 28 362   21.3   34.8 20.500  4.695    0.0  1.300 -999.9    330
GHKP 2009 12 29 363   21.2   34.5 19.400  4.574    0.0  1.400 -999.9    330
GHKP 2009 12 30 364   21.6   33.3 17.900  4.181    0.0  1.200 -999.9    330
GHKP 2009 12 31 365   21.8   33.5 14.300  3.487    0.0  1.100 -999.9    330
GHKP 2010  1  1   1   23.1   34.2 17.800  4.062    0.0  0.995 -999.9    330
GHKP 2010  1  2   2   22.3   35.0 17.000  3.844    0.0  0.799 -999.9    330
GHKP 2010  1  3   3   21.4   34.5 19.000  4.268    0.0  1.296 -999.9    330
GHKP 2010  1  4   4   20.3   34.4 20.800  4.605    0.0  1.597 -999.9    330
GHKP 2010  1  5   5   21.2   34.1 17.500  4.137    0.0  1.701 -999.9    330
GHKP 2010  1  6   6   23.1   34.2 18.500  4.224    0.0  1.701 -999.9    330
GHKP 2010  1  7   7   22.1   35.5 15.000  4.041    0.0  1.898 -999.9    330
GHKP 2010  1  8   8   22.0   34.7 17.700  3.979    0.0  1.296 -999.9    330
GHKP 2010  1  9   9   22.4   33.9 17.000  3.909    0.0  1.400 -999.9    330
GHKP 2010  1 10  10   20.6   35.0 16.200  3.997    0.0  1.505 -999.9    330
GHKP 2010  1 11  11   20.2   35.5 19.000  4.471    2.2  1.505 -999.9    330
GHKP 2010  1 12  12   20.1   35.2 20.300  4.481    0.0  1.400 -999.9    330
GHKP 2010  1 13  13   21.8   35.5 19.600  4.512    0.0  1.701 -999.9    330
GHKP 2010  1 14  14   21.9   36.0 19.000  5.032    0.0  2.396 -999.9    330
GHKP 2010  1 15  15   22.8   33.2 17.700  4.581   48.7  2.002 -999.9    330
GHKP 2010  1 16  16   23.0   34.5 18.100  4.445    0.0  1.597 -999.9    330
GHKP 2010  1 17  17   21.7   33.0 20.300  4.600    0.0  1.400 -999.9    330
GHKP 2010  1 18  18   20.7   33.3 19.200  4.680    0.0  1.701 -999.9    330
GHKP 2010  1 19  19   20.6   33.1 18.500  3.701    0.0  0.405 -999.9    330
GHKP 2010  1 20  20   21.1   33.0 18.600  3.894    0.0  0.694 -999.9    330
GHKP 2010  1 21  21   20.2   33.2 16.400  4.061    0.0  1.204 -999.9    330
GHKP 2010  1 22  22   19.0   34.0 15.100  4.177    0.0  1.505 -999.9    330
GHKP 2010  1 23  23   19.4   34.7 16.500  4.315    0.0  1.505 -999.9    330
GHKP 2010  1 24  24   19.3   35.0 18.100  4.567    0.0  1.597 -999.9    330
GHKP 2010  1 25  25   19.5   34.5 14.600  3.617    0.0  2.002 -999.9    330
GHKP 2010  1 26  26   19.5   33.4 13.400  3.583    0.0  1.898 -999.9    330
GHKP 2010  1 27  27   19.9   34.0 13.100  3.397    0.4  1.701 -999.9    330
GHKP 2010  1 28  28   19.9   35.0 12.200  3.370    0.0  1.505 -999.9    330
GHKP 2010  1 29  29   19.9   36.0 19.400  4.284    0.0  1.296 -999.9    330
GHKP 2010  1 30  30   20.5   35.8 19.200  4.233    0.0  0.799 -999.9    330
GHKP 2010  1 31  31   21.3   35.6 20.800  4.840    0.0  1.296 -999.9    330
GHKP 2010  2  1  32   21.0   35.9 20.300  5.026    0.0  1.898 -999.9    330
GHKP 2010  2  2  33   21.6   36.1 20.100  4.834    0.0  1.597 -999.9    330
GHKP 2010  2  3  34   22.5   35.7 20.300  4.904    0.0  1.806 -999.9    330
GHKP 2010  2  4  35   23.6   36.0 19.100  5.126    0.0  2.002 -999.9    330
GHKP 2010  2  5  36   24.2   36.6 10.900  3.355    0.0  1.400 -999.9    330
GHKP 2010  2  6  37   24.0   35.9 20.000  4.335    0.0  0.498 -999.9    330
GHKP 2010  2  7  38   24.2   36.0 18.200  4.151    0.0  0.602 -999.9    330
GHKP 2010  2  8  39   24.1   35.2 18.500  4.542    0.0  1.296 -999.9    330
GHKP 2010  2  9  40   24.6   35.0 16.100  4.564    0.0  2.002 -999.9    330
GHKP 2010  2 10  41   23.6   34.0 16.900  4.268    5.9  2.002 -999.9    330
GHKP 2010  2 11  42   24.0   33.5 15.200  3.913    0.0  1.701 -999.9    330
GHKP 2010  2 12  43   24.0   36.0 13.400  3.677   22.2  2.002 -999.9    330
GHKP 2010  2 13  44   24.2   30.5 20.900  4.349   24.1  0.995 -999.9    330
GHKP 2010  2 14  45   24.2   34.4  9.100  2.566    0.0  1.100 -999.9    330
GHKP 2010  2 15  46   24.1   35.5 16.600  4.803    0.0  2.095 -999.9    330
GHKP 2010  2 16  47   24.1   34.5 21.100  5.328    0.0  2.095 -999.9    330
GHKP 2010  2 17  48   24.9   35.9 20.900  4.973    0.0  1.701 -999.9    330
GHKP 2010  2 18  49   24.6   36.6 18.500  4.565    0.0  1.806 -999.9    330
GHKP 2010  2 19  50   24.2   36.5 20.900  5.079    0.0  2.002 -999.9    330
GHKP 2010  2 20  51   25.0   35.9 20.500  5.067    3.0  2.095 -999.9    330
GHKP 2010  2 21  52   25.0   36.1 20.600  5.147    1.3  2.002 -999.9    330
GHKP 2010  2 22  53   24.5   36.5 18.500  4.732    0.0  1.806 -999.9    330
GHKP 2010  2 23  54   25.0   37.5 20.600  5.229    0.0  1.806 -999.9    330
GHKP 2010  2 24  55   25.0   36.5 20.400  5.226    0.0  2.002 -999.9    330
GHKP 2010  2 25  56   25.9   36.0 16.400  4.421    0.0  2.199 -999.9    330
GHKP 2010  2 26  57   25.6   37.0 16.100  4.360    0.0  2.002 -999.9    330
GHKP 2010  2 27  58   25.8   35.5 20.500  5.030    6.1  1.806 -999.9    330
GHKP 2010  2 28  59   24.3   35.9 19.100  4.561    0.0  1.701 -999.9    330
GHKP 2010  3  1  60   24.6   37.2 23.000  5.404    0.0  1.597 -999.9    330
GHKP 2010  3  2  61   24.3   37.2 21.200  5.120    0.0  1.296 -999.9    330
GHKP 2010  3  3  62   24.1   35.0 19.000  4.538    8.3  1.597 -999.9    330
GHKP 2010  3  4  63   24.0   35.0 17.800  4.201    0.1  1.701 -999.9    330
GHKP 2010  3  5  64   23.4   34.6 15.400  3.787    0.5  1.597 -999.9    330
GHKP 2010  3  6  65   24.0   34.8 15.900  4.139    0.2  1.898 -999.9    330
GHKP 2010  3  7  66   24.2   35.5 22.000  5.240    0.0  1.701 -999.9    330
GHKP 2010  3  8  67   24.3   36.0 22.300  5.342    0.0  2.002 -999.9    330
GHKP 2010  3  9  68   24.6   34.0 10.100  2.798   64.0  1.806 -999.9    330
GHKP 2010  3 10  69   24.8   35.5 19.300  4.626    0.0  1.806 -999.9    330
GHKP 2010  3 11  70   23.5   34.5 23.100  5.161    0.0  1.806 -999.9    330
GHKP 2010  3 12  71   24.0   35.3 20.300  4.803   17.4  1.898 -999.9    330
GHKP 2010  3 13  72   24.3   34.0 19.500  4.573    0.0  2.002 -999.9    330
GHKP 2010  3 14  73   24.0   36.5 17.000  4.626    1.7  2.604 -999.9    330
GHKP 2010  3 15  74   24.3   32.0 21.400  5.042    0.0  2.199 -999.9    330
GHKP 2010  3 16  75   24.0   34.2 10.100  3.127    0.0  1.701 -999.9    330
GHKP 2010  3 17  76   23.6   35.9 11.300  3.117    0.0  1.100 -999.9    330
GHKP 2010  3 18  77   24.7   33.1 21.600  4.881    0.0  1.296 -999.9    330
GHKP 2010  3 19  78   25.4   34.1 16.500  4.259    0.0  1.701 -999.9    330
GHKP 2010  3 20  79   24.2   33.3 10.100  2.712   26.0  1.296 -999.9    330
GHKP 2010  3 21  80   23.2   33.5 10.100  2.751    0.0  0.799 -999.9    330
GHKP 2010  3 22  81   21.8   35.0 10.100  2.896    0.0  1.100 -999.9    330
GHKP 2010  3 23  82   21.3   35.8 10.100  3.175    0.0  1.400 -999.9    330
GHKP 2010  3 24  83   20.7   36.0 10.100  3.499    0.0  1.898 -999.9    330
GHKP 2010  3 25  84   24.2   36.5 10.100  3.335    0.0  1.597 -999.9    330
GHKP 2010  3 26  85   22.0   36.2 10.100  3.233    0.0  1.204 -999.9    330
GHKP 2010  3 27  86   22.2   36.5 10.100  2.983    0.0  1.400 -999.9    330
GHKP 2010  3 28  87   22.6   35.9 10.100  2.968    4.2  1.400 -999.9    330
GHKP 2010  3 29  88   24.0   35.6 15.500  4.207    5.5  1.505 -999.9    330
GHKP 2010  3 30  89   24.5   35.7 17.000  4.435    0.9  1.597 -999.9    330
GHKP 2010  3 31  90   24.9   37.1 15.100  4.070    0.0  1.505 -999.9    330
GHKP 2010  4  1  91   23.7   35.7 21.100  4.954   23.8  1.597 -999.9    330
GHKP 2010  4  2  92   23.6   35.4 20.000  4.824    0.0  1.597 -999.9    330
GHKP 2010  4  3  93   23.6   36.0 19.600  4.777    0.0  1.701 -999.9    330
GHKP 2010  4  4  94   24.5   37.0 22.000  5.410    0.0  1.898 -999.9    330
GHKP 2010  4  5  95   23.9   36.5 21.200  5.155    5.9  1.597 -999.9    330
GHKP 2010  4  6  96   23.8   36.0 18.100  4.476    0.0  1.400 -999.9    330
GHKP 2010  4  7  97   24.1   36.6 23.300  5.454    0.0  1.505 -999.9    330
GHKP 2010  4  8  98   24.1   36.0 22.200  5.188    0.0  1.597 -999.9    330
GHKP 2010  4  9  99   24.9   32.0 20.700  4.980    1.3  1.898 -999.9    330
GHKP 2010  4 10 100   23.9   34.5 10.800  3.101    0.0  1.597 -999.9    330
GHKP 2010  4 11 101   24.1   37.2 18.500  4.597    0.0  1.505 -999.9    330
GHKP 2010  4 12 102   24.0   36.8 19.600  4.919    0.0  1.898 -999.9    330
GHKP 2010  4 13 103   23.9   37.0 22.000  5.310    0.0  1.898 -999.9    330
GHKP 2010  4 14 104   24.2   36.9 17.900  4.369    0.7  1.701 -999.9    330
GHKP 2010  4 15 105   24.3   34.9 19.900  4.570   25.3  1.597 -999.9    330
GHKP 2010  4 16 106   23.3   31.9 16.900  3.799    0.0  1.296 -999.9    330
GHKP 2010  4 17 107   24.2   34.5 11.100  3.310    0.0  1.204 -999.9    330
GHKP 2010  4 18 108   23.8   36.3 24.800  5.661    0.0  1.100 -999.9    330
GHKP 2010  4 19 109   23.9   36.8 23.400  5.394    0.0  1.701 -999.9    330
GHKP 2010  4 20 110   24.2   35.0 18.500  4.260    1.4  2.199 -999.9    330
GHKP 2010  4 21 111   24.4   36.2 21.500  5.063    0.0  1.505 -999.9    330
GHKP 2010  4 22 112   24.1   34.6 17.200  4.001    7.0  1.806 -999.9    330
GHKP 2010  4 23 113   24.5   33.8 16.200  4.231   13.5  1.806 -999.9    330
GHKP 2010  4 24 114   23.9   34.0 16.800  3.811    4.1  1.100 -999.9    330
GHKP 2010  4 25 115   24.4   35.0 20.800  4.765    0.0  1.296 -999.9    330
GHKP 2010  4 26 116   24.2   32.4 19.700  4.312    1.5  1.505 -999.9    330
GHKP 2010  4 27 117   24.0   33.9 14.100  3.531    0.0  1.400 -999.9    330
GHKP 2010  4 28 118   24.5   34.3 18.400  4.190   12.1  1.100 -999.9    330
GHKP 2010  4 29 119   24.3   34.5 18.400  4.338    0.0  1.505 -999.9    330
GHKP 2010  4 30 120   24.1   36.0 16.200  3.859    0.0  1.505 -999.9    330
GHKP 2010  5  1 121   24.2   33.6 23.100  4.929    0.0  1.296 -999.9    330
GHKP 2010  5  2 122   23.8   34.5 11.800  2.922    9.3  1.505 -999.9    330
GHKP 2010  5  3 123   23.9   35.7 18.400  4.212    0.0  1.100 -999.9    330
GHKP 2010  5  4 124   24.7   34.0 17.300  4.158    0.0  1.505 -999.9    330
GHKP 2010  5  5 125   24.9   34.0 16.600  3.813   26.2  1.806 -999.9    330
GHKP 2010  5  6 126   24.4   32.4 23.000  5.156    0.0  1.701 -999.9    330
GHKP 2010  5  7 127   25.1   34.5 11.300  2.800    0.0  0.903 -999.9    330
GHKP 2010  5  8 128   23.3   33.9 18.700  4.167    6.7  0.995 -999.9    330
GHKP 2010  5  9 129   24.1   34.9 19.300  4.258    0.2  1.505 -999.9    330
GHKP 2010  5 10 130   24.6   35.3 23.600  5.220    0.0  1.597 -999.9    330
GHKP 2010  5 11 131   24.1   35.5 23.000  5.086    0.0  1.204 -999.9    330
GHKP 2010  5 12 132   24.5   35.8 21.100  4.784    0.0  1.296 -999.9    330
GHKP 2010  5 13 133   23.7   34.2 15.400  3.654    5.0  1.505 -999.9    330
GHKP 2010  5 14 134   24.1   34.7 22.000  4.790    0.0  1.400 -999.9    330
GHKP 2010  5 15 135   24.7   34.7 21.800  4.907    0.0  1.597 -999.9    330
GHKP 2010  5 16 136   24.0   31.5 20.600  4.321    0.0  1.505 -999.9    330
GHKP 2010  5 17 137   23.4   33.0 13.600  3.233   22.3  1.296 -999.9    330
GHKP 2010  5 18 138   24.0   34.2 22.600  4.980    0.0  1.701 -999.9    330
GHKP 2010  5 19 139   23.6   33.3 23.500  5.086    0.0  1.701 -999.9    330
GHKP 2010  5 20 140   23.9   34.0 15.200  3.756    4.8  1.400 -999.9    330
GHKP 2010  5 21 141   22.6   33.9 17.800  4.073    0.0  1.100 -999.9    330
GHKP 2010  5 22 142   24.0   32.0 17.100  3.939    2.1  1.204 -999.9    330
GHKP 2010  5 23 143   24.1   34.0 16.900  4.075   14.0  1.701 -999.9    330
GHKP 2010  5 24 144   24.1   35.8 19.800  4.741    0.0  1.505 -999.9    330
GHKP 2010  5 25 145   24.3   25.9 22.300  4.307   36.3  1.597 -999.9    330
GHKP 2010  5 26 146   24.7   34.1  9.900  2.522    0.0  1.597 -999.9    330
GHKP 2010  5 27 147   24.7   33.1 15.200  3.638    0.0  1.597 -999.9    330
GHKP 2010  5 28 148   23.4   31.7 16.700  3.551    0.3  0.903 -999.9    330
GHKP 2010  5 29 149   24.0   33.6 11.800  2.885    8.6  0.995 -999.9    330
GHKP 2010  5 30 150   22.0   33.0 17.100  3.810    3.7  1.597 -999.9    330
GHKP 2010  5 31 151   24.1   32.0 13.100  2.961    0.0  1.806 -999.9    330
GHKP 2010  6  1 152   24.1   33.5 12.200  2.879    0.0  1.505 -999.9    330
GHKP 2010  6  2 153   24.4   33.0 17.300  3.810    0.1  1.505 -999.9    330
GHKP 2010  6  3 154   24.3   33.0 16.100  3.616    0.0  1.400 -999.9    330
GHKP 2010  6  4 155   24.0   32.3  9.600  2.307    2.8  1.898 -999.9    330
GHKP 2010  6  5 156   23.9   33.5 15.700  3.805    0.0  1.505 -999.9    330
GHKP 2010  6  6 157   24.1   32.5 20.600  4.401   18.4  1.100 -999.9    330
GHKP 2010  6  7 158   24.2   32.3 18.500  4.076    0.0  1.400 -999.9    330
GHKP 2010  6  8 159   23.4   32.3 20.100  4.359    0.0  1.597 -999.9    330
GHKP 2010  6  9 160   23.9   31.6 13.900  3.286    0.9  1.806 -999.9    330
GHKP 2010  6 10 161   23.8   33.0 11.200  2.750    0.0  1.204 -999.9    330
GHKP 2010  6 11 162   23.4   33.7 13.900  3.175    0.0  0.694 -999.9    330
GHKP 2010  6 12 163   24.5   32.5 12.900  2.967    0.0  1.204 -999.9    330
GHKP 2010  6 13 164   22.9   32.5 10.600  2.578    1.7  1.898 -999.9    330
GHKP 2010  6 14 165   23.4   31.9 11.400  2.827    4.1  1.701 -999.9    330
GHKP 2010  6 15 166   22.4   28.3 11.000  2.690    1.3  1.597 -999.9    330
GHKP 2010  6 16 167   22.8   33.8  9.600  2.522    0.0  1.400 -999.9    330
GHKP 2010  6 17 168   23.7   32.7 14.200  3.569    0.0  1.597 -999.9    330
GHKP 2010  6 18 169   22.6   31.4 13.300  3.095    0.0  1.400 -999.9    330
GHKP 2010  6 19 170   23.5   28.0 14.200  3.136    0.6  1.505 -999.9    330
GHKP 2010  6 20 171   23.8   29.4  9.900  2.514    0.0  1.701 -999.9    330
GHKP 2010  6 21 172   22.7   34.0  9.600  2.534    0.0  1.100 -999.9    330
GHKP 2010  6 22 173   23.9   32.9 11.300  2.671   25.5  1.100 -999.9    330
GHKP 2010  6 23 174   23.9   30.4 14.800  3.397    0.0  1.597 -999.9    330
GHKP 2010  6 24 175   23.1   31.3 12.200  3.012    0.0  2.002 -999.9    330
GHKP 2010  6 25 176   23.8   29.1 10.100  2.823    0.0  2.500 -999.9    330
GHKP 2010  6 26 177   22.8   32.9 10.400  3.142    0.0  1.701 -999.9    330
GHKP 2010  6 27 178   23.8   32.1 12.900  3.271    0.0  1.597 -999.9    330
GHKP 2010  6 28 179   23.9   32.3 11.400  3.241    0.0  1.505 -999.9    330
GHKP 2010  6 29 180   24.2   32.2 11.300  3.046    0.0  1.296 -999.9    330
GHKP 2010  6 30 181   23.0   33.1 15.200  3.647    0.0  1.806 -999.9    330
GHKP 2010  7  1 182   22.6   33.1 12.100  3.149   12.8  2.002 -999.9    330
GHKP 2010  7  2 183   22.6   32.2 13.100  3.399    0.2  1.505 -999.9    330
GHKP 2010  7  3 184   23.0   33.5 13.600  3.522    0.0  1.505 -999.9    330
GHKP 2010  7  4 185   22.6   31.3 15.300  3.391    6.1  1.296 -999.9    330
GHKP 2010  7  5 186   23.0   32.5 12.100  3.140    0.0  1.597 -999.9    330
GHKP 2010  7  6 187   22.5   30.5 12.400  3.050    0.0  2.095 -999.9    330
GHKP 2010  7  7 188   22.6   32.5 11.300  2.951    0.7  1.806 -999.9    330
GHKP 2010  7  8 189   22.3   31.5 16.200  3.553   20.5  1.400 -999.9    330
GHKP 2010  7  9 190   22.0   32.7 16.000  3.517    3.6  1.597 -999.9    330
GHKP 2010  7 10 191   22.3   28.0  9.700  2.385    0.8  2.095 -999.9    330
GHKP 2010  7 11 192   22.4   30.0 13.400  3.626    0.0  1.806 -999.9    330
GHKP 2010  7 12 193   22.2   30.4 13.000  3.197    0.0  1.204 -999.9    330
GHKP 2010  7 13 194   22.6   31.8 16.800  3.615    0.0  1.296 -999.9    330
GHKP 2010  7 14 195   22.8   30.6 16.300  3.512    0.0  1.898 -999.9    330
GHKP 2010  7 15 196   22.8   29.3  9.700  2.500   20.3  2.199 -999.9    330
GHKP 2010  7 16 197   22.9   27.6  9.900  2.744    0.0  2.396 -999.9    330
GHKP 2010  7 17 198   22.5   28.5 11.100  3.172    0.0  1.898 -999.9    330
GHKP 2010  7 18 199   22.8   32.2 22.900  4.976    0.0  1.296 -999.9    330
GHKP 2010  7 19 200   22.7   32.0 23.000  5.209    0.0  1.898 -999.9    330
GHKP 2010  7 20 201   22.7   30.0 14.900  4.153    0.0  2.303 -999.9    330
GHKP 2010  7 21 202   22.3   30.4 12.100  3.689    0.0  2.095 -999.9    330
GHKP 2010  7 22 203   22.9   31.6 17.600  4.591    0.0  1.898 -999.9    330
GHKP 2010  7 23 204   22.7   29.6 13.900  3.864   20.0  2.303 -999.9    330
GHKP 2010  7 24 205   22.4   32.3 18.100  4.705    0.0  1.806 -999.9    330
GHKP 2010  7 25 206   22.4   33.2 21.800  5.286    0.0  1.701 -999.9    330
GHKP 2010  7 26 207   22.8   32.0 12.500  3.512    0.0  1.806 -999.9    330
GHKP 2010  7 27 208   22.5   31.4 20.200  4.398   21.5  2.095 -999.9    330
GHKP 2010  7 28 209   22.2   31.0 20.000  4.526    0.0  1.898 -999.9    330
GHKP 2010  7 29 210   22.1   30.4 16.000  4.040    0.0  1.597 -999.9    330
GHKP 2010  7 30 211   22.3   30.5 15.000  3.933    0.0  2.095 -999.9    330
GHKP 2010  7 31 212   22.4   31.9 18.100  4.499    0.0  1.898 -999.9    330
GHKP 2010  8  1 213   21.9   31.9 17.700  4.394    0.0  1.701 -999.9    330
GHKP 2010  8  2 214   22.1   32.6 23.400  5.291    0.0  1.505 -999.9    330
GHKP 2010  8  3 215   22.7   32.6 10.000  3.347    0.0  2.095 -999.9    330
GHKP 2010  8  4 216   22.6   32.7 18.800  4.754    0.0  2.002 -999.9    330
GHKP 2010  8  5 217   22.4   33.7 19.600  4.855    0.0  1.701 -999.9    330
GHKP 2010  8  6 218   22.3   35.0 13.800  3.791    0.0  1.806 -999.9    330
GHKP 2010  8  7 219   21.9   32.5 11.800  3.143    0.0  1.806 -999.9    330
GHKP 2010  8  8 220   22.1   29.4 10.200  2.696   32.0  2.396 -999.9    330
GHKP 2010  8  9 221   22.2   30.0 11.700  2.639    0.0  1.296 -999.9    330
GHKP 2010  8 10 222   22.4   31.5 12.700  3.077    0.0  1.296 -999.9    330
GHKP 2010  8 11 223   22.5   27.5 10.800  2.958    5.6  2.604 -999.9    330
GHKP 2010  8 12 224   22.4   28.0 10.200  2.751    0.0  2.396 -999.9    330
GHKP 2010  8 13 225   22.4   31.0 11.300  2.903    0.0  1.806 -999.9    330
GHKP 2010  8 14 226   22.7   32.8 16.100  3.789    0.0  1.806 -999.9    330
GHKP 2010  8 15 227   22.6   31.3 13.500  3.179    0.0  1.296 -999.9    330
GHKP 2010  8 16 228   22.3   33.1 17.200  3.989   14.9  1.400 -999.9    330
GHKP 2010  8 17 229   22.1   25.7 10.000  2.357    0.6  2.002 -999.9    330
GHKP 2010  8 18 230   22.7   32.1 24.000  5.081    0.0  1.806 -999.9    330
GHKP 2010  8 19 231   22.2   33.6 19.400  4.635    0.0  1.400 -999.9    330
GHKP 2010  8 20 232   22.4   28.9 10.000  2.418   20.2  1.400 -999.9    330
GHKP 2010  8 21 233   22.2   30.9 11.700  2.935    0.0  1.701 -999.9    330
GHKP 2010  8 22 234   22.5   29.7 15.900  3.696    0.0  2.002 -999.9    330
GHKP 2010  8 23 235   22.2   31.5 15.900  3.782    0.0  1.701 -999.9    330
GHKP 2010  8 24 236   22.3   30.5 11.800  2.676    0.0  0.903 -999.9    330
GHKP 2010  8 25 237   22.5   32.6 16.500  3.674    0.0  1.400 -999.9    330
GHKP 2010  8 26 238   22.5   31.5 14.000  3.472    0.0  2.002 -999.9    330
GHKP 2010  8 27 239   22.8   32.0 16.700  4.096    0.0  2.199 -999.9    330
GHKP 2010  8 28 240   22.9   33.5 19.300  4.346    0.0  1.898 -999.9    330
GHKP 2010  8 29 241   22.4   29.2 10.900  3.077    0.0  1.898 -999.9    330
GHKP 2010  8 30 242   22.4   32.3 18.400  4.268    0.0  2.002 -999.9    330
GHKP 2010  8 31 243   22.8   31.6 14.600  3.729    0.0  2.095 -999.9    330
GHKP 2010  9  1 244   22.3   30.3 14.100  3.733    0.0  2.095 -999.9    330
GHKP 2010  9  2 245   22.4   33.4 20.200  4.889    0.0  1.597 -999.9    330
GHKP 2010  9  3 246   22.5   31.0 13.300  3.049    0.0  1.400 -999.9    330
GHKP 2010  9  4 247   22.8   32.5 14.400  3.400    0.0  1.597 -999.9    330
GHKP 2010  9  5 248   22.9   30.6 12.800  3.197    0.6  1.898 -999.9    330
GHKP 2010  9  6 249   22.6   30.0 11.400  2.934    2.0  2.002 -999.9    330
GHKP 2010  9  7 250   22.5   33.5 17.500  3.922    0.0  1.400 -999.9    330
GHKP 2010  9  8 251   22.5   31.1 13.000  3.102    0.0  1.597 -999.9    330
GHKP 2010  9  9 252   22.3   33.5 12.900  3.318   25.4  1.701 -999.9    330
GHKP 2010  9 10 253   22.7   31.5 11.600  2.798    4.0  1.400 -999.9    330
GHKP 2010  9 11 254   22.1   31.3 10.300  2.447    1.3  1.204 -999.9    330
GHKP 2010  9 12 255   22.5   30.5 12.600  2.959    0.0  1.204 -999.9    330
GHKP 2010  9 13 256   22.4   31.4 18.300  4.028    0.0  1.701 -999.9    330
GHKP 2010  9 14 257   22.2   31.8 14.800  3.249    0.2  1.597 -999.9    330
GHKP 2010  9 15 258   22.6   31.2 13.600  3.131   34.0  1.806 -999.9    330
GHKP 2010  9 16 259   22.7   34.0 22.900  4.941    0.0  1.204 -999.9    330
GHKP 2010  9 17 260   22.5   32.6 17.500  3.898    6.2  1.597 -999.9    330
GHKP 2010  9 18 261   22.7   28.9 10.100  2.598    1.2  1.898 -999.9    330
GHKP 2010  9 19 262   22.8   32.8 18.600  4.251    4.2  1.505 -999.9    330
GHKP 2010  9 20 263   22.7   27.0 11.800  2.589    8.4  0.995 -999.9    330
GHKP 2010  9 21 264   22.4   32.8 22.100  4.661    0.0  1.100 -999.9    330
GHKP 2010  9 22 265   22.4   33.2 19.400  4.387    4.3  1.505 -999.9    330
GHKP 2010  9 23 266   22.8   32.0 11.600  2.795   26.9  1.701 -999.9    330
GHKP 2010  9 24 267   23.0   28.5 10.100  2.373   10.9  1.701 -999.9    330
GHKP 2010  9 25 268   22.8   31.4 16.000  3.596    0.0  1.597 -999.9    330
GHKP 2010  9 26 269   22.8   32.0 19.400  4.250    0.0  1.701 -999.9    330
GHKP 2010  9 27 270   22.8   30.7 14.000  3.316    0.2  1.296 -999.9    330
GHKP 2010  9 28 271   22.9   31.9 14.000  3.320    0.0  1.204 -999.9    330
GHKP 2010  9 29 272   22.7   33.0 23.100  4.902    0.0  1.100 -999.9    330
GHKP 2010  9 30 273   22.7   33.9 19.700  4.256    0.3  0.995 -999.9    330
GHKP 2010 10  1 274   22.7   28.7 19.900  3.954    0.0  1.597 -999.9    330
GHKP 2010 10  2 275   22.9   29.4 18.700  3.866    0.0  1.296 -999.9    330
GHKP 2010 10  3 276   22.7   31.4 16.100  3.556    0.0  1.100 -999.9    330
GHKP 2010 10  4 277   22.7   30.0 14.400  3.216    0.0  1.701 -999.9    330
GHKP 2010 10  5 278   22.5   29.5 18.300  3.713    0.0  1.597 -999.9    330
GHKP 2010 10  6 279   22.7   29.5 15.600  3.444    0.0  1.400 -999.9    330
GHKP 2010 10  7 280   22.4   30.0 14.500  3.151   15.7  1.701 -999.9    330
GHKP 2010 10  8 281   22.5   29.5 19.400  3.955   14.5  1.296 -999.9    330
GHKP 2010 10  9 282   22.6   30.7 21.200  4.411    0.3  1.204 -999.9    330
GHKP 2010 10 10 283   22.4   30.5 17.800  3.596    8.0  1.296 -999.9    330
GHKP 2010 10 11 284   22.5   27.6 13.600  3.163    0.0  1.204 -999.9    330
GHKP 2010 10 12 285   22.7   28.8 15.700  3.369    9.2  0.995 -999.9    330
GHKP 2010 10 13 286   22.8   28.5 12.900  3.089    0.0  1.296 -999.9    330
GHKP 2010 10 14 287   22.6   28.3 12.800  2.733    0.0  1.400 -999.9    330
GHKP 2010 10 15 288   22.5   30.0 20.300  4.044    0.0  1.100 -999.9    330
GHKP 2010 10 16 289   22.4   30.2 23.200  4.650    0.0  1.100 -999.9    330
GHKP 2010 10 17 290   22.6   31.2 16.100  3.641    1.3  1.400 -999.9    330
GHKP 2010 10 18 291   22.6   30.2 18.500  3.966    0.0  1.597 -999.9    330
GHKP 2010 10 19 292   22.7   29.2 20.800  4.086   46.6  1.400 -999.9    330
GHKP 2010 10 20 293   22.7   23.5  9.700  2.234    0.3  1.204 -999.9    330
GHKP 2010 10 21 294   22.6   26.1 17.100  3.397    0.0  0.602 -999.9    330
GHKP 2010 10 22 295   22.6   29.0 19.200  4.112    0.0  1.400 -999.9    330
GHKP 2010 10 23 296   22.6   30.5 18.600  3.951    3.9  1.400 -999.9    330
GHKP 2010 10 24 297   22.5   28.9 21.500  4.319    0.0  1.505 -999.9    330
GHKP 2010 10 25 298   22.8   29.6 16.300  3.580    0.0  1.100 -999.9    330
GHKP 2010 10 26 299   22.4   29.3 20.300  4.162    0.0  1.400 -999.9    330
GHKP 2010 10 27 300   22.7   29.8 23.700  4.733    0.0  1.400 -999.9    330
GHKP 2010 10 28 301   22.6   30.9 19.500  4.102    0.0  1.204 -999.9    330
GHKP 2010 10 29 302   22.6   30.1 20.700  4.101    0.0  0.799 -999.9    330
GHKP 2010 10 30 303   22.5   29.3 17.800  3.749    0.0  1.100 -999.9    330
GHKP 2010 10 31 304   22.8   31.1 22.900  4.529    0.0  1.505 -999.9    330
GHKP 2010 11  1 305   22.7   29.7 12.800  2.847    0.5  1.204 -999.9    330
GHKP 2010 11  2 306   22.5   28.9 18.200  3.606    0.0  0.694 -999.9    330
GHKP 2010 11  3 307   22.8   29.5 21.600  4.224    0.0  0.995 -999.9    330
GHKP 2010 11  4 308   22.8   30.5 20.500  4.246    0.0  1.400 -999.9    330
GHKP 2010 11  5 309   22.5   30.5 16.800  3.744    4.4  1.400 -999.9    330
GHKP 2010 11  6 310   22.6   26.5 14.200  3.044    0.0  0.694 -999.9    330
GHKP 2010 11  7 311   22.7   29.9 20.600  4.209    0.1  1.400 -999.9    330
GHKP 2010 11  8 312   22.5   28.7  9.800  2.375    0.0  0.799 -999.9    330
GHKP 2010 11  9 313   22.8   30.4 20.200  4.096    0.0  0.903 -999.9    330
GHKP 2010 11 10 314   22.5   30.4 21.600  4.416    2.0  1.400 -999.9    330
GHKP 2010 11 11 315   22.8   29.4 16.400  3.513    0.0  1.100 -999.9    330
GHKP 2010 11 12 316   22.6   31.3 20.200  4.139    4.2  1.400 -999.9    330
GHKP 2010 11 13 317   22.8   30.9 18.600  4.073    1.3  1.898 -999.9    330
GHKP 2010 11 14 318   23.0   29.8 16.200  3.545    0.0  1.400 -999.9    330
GHKP 2010 11 15 319   23.1   30.0 22.000  4.465    0.0  1.204 -999.9    330
GHKP 2010 11 16 320   22.9   31.0 21.800  4.416    0.0  1.204 -999.9    330
GHKP 2010 11 17 321   22.6   31.2 18.700  3.796    0.0  1.400 -999.9    330
GHKP 2010 11 18 322   22.9   29.5 14.900  3.258    0.0  1.597 -999.9    330
GHKP 2010 11 19 323   22.9   31.5 18.500  3.949    2.2  1.204 -999.9    330
GHKP 2010 11 20 324   22.7   30.0 21.500  4.339    5.3  1.100 -999.9    330
GHKP 2010 11 21 325   23.0   26.4  9.200  2.551    0.0  1.597 -999.9    330
GHKP 2010 11 22 326   22.9   27.4 14.700  3.452    0.0  1.701 -999.9    330
GHKP 2010 11 23 327   22.4   29.0 19.300  3.956    0.0  1.204 -999.9    330
GHKP 2010 11 24 328   22.5   28.6 20.900  4.140    0.0  0.995 -999.9    330
GHKP 2010 11 25 329   22.6   29.8 21.400  4.184    0.0  0.694 -999.9    330
GHKP 2010 11 26 330   22.8   30.1 17.800  3.770    0.0  1.400 -999.9    330
GHKP 2010 11 27 331   23.0   30.4 17.600  3.790   11.1  1.505 -999.9    330
GHKP 2010 11 28 332   22.8   29.6 21.400  4.383    0.0  1.400 -999.9    330
GHKP 2010 11 29 333   22.5   30.4 20.000  4.121    0.0  1.204 -999.9    330
GHKP 2010 11 30 334   22.7   30.0 20.700  4.225    0.0  1.505 -999.9    330
GHKP 2010 12  1 335   22.7   31.0 19.300  4.097    0.0  1.204 -999.9    330
GHKP 2010 12  2 336   22.6   31.5 21.400  4.687    0.0  1.505 -999.9    330
GHKP 2010 12  3 337   22.7   30.5 18.800  4.097    0.0  1.505 -999.9    330
GHKP 2010 12  4 338   23.0   30.5 20.500  4.341    2.1  1.204 -999.9    330
GHKP 2010 12  5 339   22.8   31.5 18.400  4.009    0.0  1.505 -999.9    330
GHKP 2010 12  6 340   22.9   29.4 17.200  3.879    0.0  1.701 -999.9    330
GHKP 2010 12  7 341   22.8   29.0 20.000  4.133    0.0  1.400 -999.9    330
GHKP 2010 12  8 342   22.6   30.0 17.300  3.715    0.0  1.204 -999.9    330
GHKP 2010 12  9 343   22.6   28.3 19.900  3.936    0.0  0.799 -999.9    330
GHKP 2010 12 10 344   22.3   28.3 19.800  3.858    0.0  0.903 -999.9    330
GHKP 2010 12 11 345   22.4   29.1 18.500  3.577    0.0  0.498 -999.9    330
GHKP 2010 12 12 346   22.4   28.5 18.800  3.758    0.0  0.694 -999.9    330
GHKP 2010 12 13 347   22.3   27.5 20.100  4.130    0.0  1.296 -999.9    330
GHKP 2010 12 14 348   22.4   30.3 19.300  4.167    0.0  1.100 -999.9    330
GHKP 2010 12 15 349   22.5   29.2 18.800  3.854    0.0  1.100 -999.9    330
GHKP 2010 12 16 350   22.4   29.0 18.300  3.804    0.0  1.204 -999.9    330
GHKP 2010 12 17 351   22.3   30.0 19.000  3.831    0.0  0.799 -999.9    330
GHKP 2010 12 18 352   22.7   30.1 20.700  4.273    0.0  1.400 -999.9    330
GHKP 2010 12 19 353   22.4   30.5 20.300  4.197    0.0  1.100 -999.9    330
GHKP 2010 12 20 354   22.5   29.9 18.500  3.850    0.0  1.400 -999.9    330
GHKP 2010 12 21 355   22.3   29.8 17.400  3.561    6.0  1.400 -999.9    330
GHKP 2010 12 22 356   21.8   29.5 17.800  3.581    0.0  1.597 -999.9    330
GHKP 2010 12 23 357   21.9   27.6 12.400  2.932    0.0  1.204 -999.9    330
GHKP 2010 12 24 358   21.9   30.0 19.500  3.938    0.0  0.995 -999.9    330
GHKP 2010 12 25 359   21.8   30.0 20.100  4.263    0.0  1.505 -999.9    330
GHKP 2010 12 26 360   21.8   29.2 18.900  4.028   42.2  1.400 -999.9    330
GHKP 2010 12 27 361   21.9   28.5 18.800  3.818    0.0  1.296 -999.9    330
GHKP 2010 12 28 362   21.7   30.6 15.900  3.459    3.3  1.505 -999.9    330
GHKP 2010 12 29 363   21.7   27.9 16.800  3.741    4.4  1.400 -999.9    330
GHKP 2010 12 30 364   22.1   28.5 15.900  3.238    0.0  0.694 -999.9    330
GHKP 2010 12 31 365   22.4   26.9 18.700  3.583    0.0  0.799 -999.9    330
