DARO 2012  1  1   1   13.5   28.3 17.800  5.000    0.0  0.000 -999.9    330
DARO 2012  1  2   2   13.5   31.8 17.900  5.000    0.0  0.000 -999.9    330
DARO 2012  1  3   3   17.3   34.6 18.200  5.500    0.0  0.000 -999.9    330
DARO 2012  1  4   4   16.3   33.5 13.600  5.000    0.0  0.000 -999.9    330
DARO 2012  1  5   5   14.5   34.8 16.000  5.100    0.0  0.000 -999.9    330
DARO 2012  1  6   6   17.5   35.5 18.000  5.700    0.0  0.000 -999.9    330
DARO 2012  1  7   7   13.5   36.5 18.600  5.900    0.0  0.000 -999.9    330
DARO 2012  1  8   8   12.5   37.0 17.900  5.600    0.0  0.000 -999.9    330
DARO 2012  1  9   9   13.0   37.0 19.900  5.800    0.0  0.000 -999.9    330
DARO 2012  1 10  10   13.5   38.0 20.200  6.400    0.0  0.000 -999.9    330
DARO 2012  1 11  11   15.5   38.5 20.500  6.500    0.0  0.000 -999.9    330
DARO 2012  1 12  12   13.0   39.0 20.400  6.300    0.0  0.000 -999.9    330
DARO 2012  1 13  13   14.5   38.8 21.000  6.200    0.0  0.000 -999.9    330
DARO 2012  1 14  14   15.5   38.0 20.800  6.300    0.0  0.000 -999.9    330
DARO 2012  1 15  15   18.5   37.5 20.400  6.300    0.0  0.000 -999.9    330
DARO 2012  1 16  16   17.5   36.5 20.700  6.100    0.0  0.000 -999.9    330
DARO 2012  1 17  17   14.5   36.8 19.300  6.300    0.0  0.000 -999.9    330
DARO 2012  1 18  18   18.1   36.4 20.800  6.500    0.0  0.000 -999.9    330
DARO 2012  1 19  19   14.8   32.6 19.800  5.900    0.0  0.000 -999.9    330
DARO 2012  1 20  20   16.5   27.0 20.400  5.200    0.0  0.000 -999.9    330
DARO 2012  1 21  21   13.5   26.0 17.500  4.600    0.0  0.000 -999.9    330
DARO 2012  1 22  22   13.0   28.5 19.600  5.000    0.0  0.000 -999.9    330
DARO 2012  1 23  23   16.0   32.5 19.300  5.800    0.0  0.000 -999.9    330
DARO 2012  1 24  24   18.7   34.6 20.300  6.200    0.0  0.000 -999.9    330
DARO 2012  1 25  25   16.0   34.2 21.300  5.900    0.0  0.000 -999.9    330
DARO 2012  1 26  26   12.0   32.5 21.300  5.500    0.0  0.000 -999.9    330
DARO 2012  1 27  27   10.0   34.0 21.600  6.000    0.0  0.000 -999.9    330
DARO 2012  1 28  28   13.0   35.7 20.800  6.100    0.0  0.000 -999.9    330
DARO 2012  1 29  29   13.4   35.4 19.800  5.900    0.0  0.000 -999.9    330
DARO 2012  1 30  30   20.0   34.1 15.000  5.600    0.0  0.000 -999.9    330
DARO 2012  1 31  31   17.2   36.7 19.100  6.300    0.0  0.000 -999.9    330
DARO 2012  2  1  32   16.4   35.7 17.200  6.000    0.0  0.000 -999.9    330
DARO 2012  2  2  33   20.5   34.7 18.500  5.400    0.0  0.000 -999.9    330
DARO 2012  2  3  34   17.0   37.5 19.600  6.400    0.0  0.000 -999.9    330
DARO 2012  2  4  35   16.5   37.2 18.600  6.400    0.0  0.000 -999.9    330
DARO 2012  2  5  36   19.6   34.3 15.700  5.800    0.0  0.000 -999.9    330
DARO 2012  2  6  37   19.5   32.0  8.000  5.300    0.0  0.000 -999.9    330
DARO 2012  2  7  38   16.6   31.8 15.800  5.600    0.0  0.000 -999.9    330
DARO 2012  2  8  39   16.5   32.2 15.400  5.600    0.0  0.000 -999.9    330
DARO 2012  2  9  40   15.3   34.0 14.800  6.000    0.0  0.000 -999.9    330
DARO 2012  2 10  41   17.2   35.2 22.000  6.500    0.0  0.000 -999.9    330
DARO 2012  2 11  42   14.0   34.6 19.500  6.500    0.0  0.000 -999.9    330
DARO 2012  2 12  43   18.0   34.5 11.800  5.700    0.0  0.000 -999.9    330
DARO 2012  2 13  44   17.5   34.0 18.500  6.700    0.0  0.000 -999.9    330
DARO 2012  2 14  45   16.0   34.7 18.300  6.500    0.0  0.000 -999.9    330
DARO 2012  2 15  46   18.2   33.6 14.500  6.000    0.0  0.000 -999.9    330
DARO 2012  2 16  47   17.0   35.2 20.500  6.500    0.0  0.000 -999.9    330
DARO 2012  2 17  48   17.0   35.0 22.600  6.100    0.0  0.000 -999.9    330
DARO 2012  2 18  49   15.5   33.0 22.700  6.000    0.0  0.000 -999.9    330
DARO 2012  2 19  50   17.0   33.5 22.900  6.200    0.0  0.000 -999.9    330
DARO 2012  2 20  51   13.0   36.0 22.800  6.500    0.0  0.000 -999.9    330
DARO 2012  2 21  52   14.0   36.0 22.400  6.800    0.0  0.000 -999.9    330
DARO 2012  2 22  53   20.5   34.5 22.100  6.500    0.0  0.000 -999.9    330
DARO 2012  2 23  54   17.5   34.5 20.800  6.400    0.0  0.000 -999.9    330
DARO 2012  2 24  55   15.5   35.7 21.700  6.500    0.0  0.000 -999.9    330
DARO 2012  2 25  56   19.0   37.8 21.600  6.800    0.0  0.000 -999.9    330
DARO 2012  2 26  57   16.0   39.0 22.900  7.400    0.0  0.000 -999.9    330
DARO 2012  2 27  58   16.0   40.8 22.600  7.900    0.0  0.000 -999.9    330
DARO 2012  2 28  59   16.0   40.0 22.800  7.300    0.0  0.000 -999.9    330
DARO 2012  2 29  60   17.0   40.0 23.200  7.200    0.0  0.000 -999.9    330
DARO 2012  3  1  61   17.0   41.0 21.000  7.300    0.0  0.000 -999.9    330
DARO 2012  3  2  62   21.9   39.0 20.900  7.000    0.0  0.000 -999.9    330
DARO 2012  3  3  63   23.0   38.5 19.200  7.200    0.0  0.000 -999.9    330
DARO 2012  3  4  64   20.0   38.0 20.900  7.900    0.0  0.000 -999.9    330
DARO 2012  3  5  65   18.5   39.0 21.800  7.500    0.0  0.000 -999.9    330
DARO 2012  3  6  66   17.2   39.5 21.100  7.200    0.0  0.000 -999.9    330
DARO 2012  3  7  67   18.4   39.6 21.000  7.200    0.0  0.000 -999.9    330
DARO 2012  3  8  68   17.1   41.1 23.200  7.500    0.0  0.000 -999.9    330
DARO 2012  3  9  69   16.5   40.5 21.400  7.500    0.0  0.000 -999.9    330
DARO 2012  3 10  70   21.2   39.0 16.600  7.100    0.0  0.000 -999.9    330
DARO 2012  3 11  71   19.5   39.0 19.100  7.600    0.0  0.000 -999.9    330
DARO 2012  3 12  72   21.7   38.5 20.800  7.800    0.0  0.000 -999.9    330
DARO 2012  3 13  73   17.0   38.8 22.800  7.900    0.0  0.000 -999.9    330
DARO 2012  3 14  74   18.6   40.7 22.100  7.700    0.0  0.000 -999.9    330
DARO 2012  3 15  75   17.7   41.0 22.900  7.600    0.0  0.000 -999.9    330
DARO 2012  3 16  76   18.5   41.6 22.200  7.400    0.0  0.000 -999.9    330
DARO 2012  3 17  77   18.2   42.5 21.600  7.700    0.0  0.000 -999.9    330
DARO 2012  3 18  78   22.7   42.3 19.000  8.500    0.0  0.000 -999.9    330
DARO 2012  3 19  79   27.7   42.0 16.500  7.000    0.0  0.000 -999.9    330
DARO 2012  3 20  80   20.7   41.7 18.300  6.900    0.0  0.000 -999.9    330
DARO 2012  3 21  81   21.2   38.0 12.100  5.900    0.0  0.000 -999.9    330
DARO 2012  3 22  82   19.2   36.3 19.300  5.900    0.0  0.000 -999.9    330
DARO 2012  3 23  83   18.5   38.0 21.200  7.200    0.0  0.000 -999.9    330
DARO 2012  3 24  84   20.3   37.0 23.200  6.700    0.0  0.000 -999.9    330
DARO 2012  3 25  85   17.5   37.5 23.600  6.700    0.0  0.000 -999.9    330
DARO 2012  3 26  86   17.0   36.0 23.900  6.500    0.0  0.000 -999.9    330
DARO 2012  3 27  87   17.0   32.5 18.100  5.200    0.0  0.000 -999.9    330
DARO 2012  3 28  88   20.7   31.0 11.900  4.500    0.0  0.000 -999.9    330
DARO 2012  3 29  89   20.3   31.0 11.300  5.100    0.0  0.000 -999.9    330
DARO 2012  3 30  90   21.5   38.5 24.600  7.200    0.0  0.000 -999.9    330
DARO 2012  3 31  91   21.0   39.8 24.900  7.300    0.0  0.000 -999.9    330
DARO 2012  4  1  92   21.2   39.8 24.800  7.400    0.0  0.000 -999.9    330
DARO 2012  4  2  93   20.0   37.9 24.500  7.100    0.0  0.000 -999.9    330
DARO 2012  4  3  94   18.5   37.5 24.800  6.800    0.0  0.000 -999.9    330
DARO 2012  4  4  95   19.7   36.0 20.400  6.000    0.0  0.000 -999.9    330
DARO 2012  4  5  96   19.5   35.5 24.900  6.700    0.0  0.000 -999.9    330
DARO 2012  4  6  97   19.5   38.5 24.900  7.500    0.0  0.000 -999.9    330
DARO 2012  4  7  98   22.0   39.5 24.100  7.500    0.0  0.000 -999.9    330
DARO 2012  4  8  99   20.7   40.5 21.700  7.300    0.0  0.000 -999.9    330
DARO 2012  4  9 100   20.6   39.3 22.500  7.400    0.0  0.000 -999.9    330
DARO 2012  4 10 101   28.5   40.6 12.600  6.200    0.0  0.000 -999.9    330
DARO 2012  4 11 102   24.5   41.2 21.900  7.100    0.0  0.000 -999.9    330
DARO 2012  4 12 103   23.7   38.7 16.500  6.200    0.0  0.000 -999.9    330
DARO 2012  4 13 104   24.7   38.2 11.500  5.900    0.0  0.000 -999.9    330
DARO 2012  4 14 105   24.4   39.1 19.400  6.600    0.0  0.000 -999.9    330
DARO 2012  4 15 106   25.0   38.9 23.700  7.700    0.0  0.000 -999.9    330
DARO 2012  4 16 107   21.0   41.3 25.100  8.000    0.0  0.000 -999.9    330
DARO 2012  4 17 108   24.2   40.7 25.800  8.600    0.0  0.000 -999.9    330
DARO 2012  4 18 109   20.2   40.2 25.800  8.100    0.0  0.000 -999.9    330
DARO 2012  4 19 110   18.0   38.0 25.900  7.500    0.0  0.000 -999.9    330
DARO 2012  4 20 111   19.7   36.3 23.700  6.800    0.0  0.000 -999.9    330
DARO 2012  4 21 112   20.0   37.7 25.700  7.300    0.0  0.000 -999.9    330
DARO 2012  4 22 113   20.5   39.0 25.900  7.700    0.0  0.000 -999.9    330
DARO 2012  4 23 114   23.5   41.6 25.700  8.100    0.0  0.000 -999.9    330
DARO 2012  4 24 115   22.5   42.5 24.000  8.200    0.0  0.000 -999.9    330
DARO 2012  4 25 116   20.0   42.0 25.700  8.100    0.0  0.000 -999.9    330
DARO 2012  4 26 117   19.5   40.0 26.000  7.800    0.0  0.000 -999.9    330
DARO 2012  4 27 118   20.5   38.5 25.700  7.500    0.0  0.000 -999.9    330
DARO 2012  4 28 119   19.5   39.5 24.500  7.800    0.0  0.000 -999.9    330
DARO 2012  4 29 120   27.5   42.0  9.600  5.800    0.0  0.000 -999.9    330
DARO 2012  4 30 121   25.5   40.0 19.600  7.100    0.0  0.000 -999.9    330
DARO 2012  5  1 122   25.0   41.0 19.200  6.600    0.0  0.000 -999.9    330
DARO 2012  5  2 123   24.0   43.0 23.500  8.200    0.0  0.000 -999.9    330
DARO 2012  5  3 124   21.0   42.0 24.700  8.100    0.0  0.000 -999.9    330
DARO 2012  5  4 125   21.5   43.5 24.900  8.500    0.0  0.000 -999.9    330
DARO 2012  5  5 126   21.5   41.0 24.100  7.600    0.0  0.000 -999.9    330
DARO 2012  5  6 127   23.0   41.5 24.700  7.800    0.0  0.000 -999.9    330
DARO 2012  5  7 128   20.7   44.0 24.500  7.900    0.0  0.000 -999.9    330
DARO 2012  5  8 129   21.2   44.2 25.600  8.300    0.0  0.000 -999.9    330
DARO 2012  5  9 130   20.8   41.7 26.000  7.800    0.0  0.000 -999.9    330
DARO 2012  5 10 131   19.7   39.0 25.600  7.000    0.0  0.000 -999.9    330
DARO 2012  5 11 132   21.3   38.8 26.200  7.300    0.0  0.000 -999.9    330
DARO 2012  5 12 133   20.7   39.7 26.300  7.200    0.0  0.000 -999.9    330
DARO 2012  5 13 134   20.0   40.3 23.400  7.500    0.0  0.000 -999.9    330
DARO 2012  5 14 135   23.0   36.3 24.700  6.700    0.0  0.000 -999.9    330
DARO 2012  5 15 136   21.0   36.2 24.000  6.500    0.0  0.000 -999.9    330
DARO 2012  5 16 137   21.0   37.6 24.700  6.900    0.0  0.000 -999.9    330
DARO 2012  5 17 138   22.4   37.0 18.900  5.900    0.0  0.000 -999.9    330
DARO 2012  5 18 139   25.2   38.5 21.700  6.700    0.0  0.000 -999.9    330
DARO 2012  5 19 140   21.0   34.6  9.600  3.400    0.0  0.000 -999.9    330
DARO 2012  5 20 141   22.7   37.7 22.100  6.700    0.0  0.000 -999.9    330
DARO 2012  5 21 142   23.0   37.4 23.900  6.500    0.0  0.000 -999.9    330
DARO 2012  5 22 143   24.8   34.5 16.500  5.100    0.0  0.000 -999.9    330
DARO 2012  5 23 144   24.0   39.5 23.700  7.000    0.0  0.000 -999.9    330
DARO 2012  5 24 145   24.0   39.5 20.100  6.600    0.0  0.000 -999.9    330
DARO 2012  5 25 146   23.3   36.5 18.700  5.900    0.0  0.000 -999.9    330
DARO 2012  5 26 147   23.5   37.5 20.200  6.100    0.0  0.000 -999.9    330
DARO 2012  5 27 148   23.4   40.5 19.900  6.600    0.0  0.000 -999.9    330
DARO 2012  5 28 149   23.0   41.0 20.300  7.200    0.0  0.000 -999.9    330
DARO 2012  5 29 150   21.0   38.9 20.300  6.700    0.0  0.000 -999.9    330
DARO 2012  5 30 151   20.8   39.5 20.800  7.000    0.0  0.000 -999.9    330
DARO 2012  5 31 152   22.5   40.9 20.700  7.200    0.0  0.000 -999.9    330
DARO 2012  6  1 153   22.0   40.9 25.800  7.900    0.0  0.000 -999.9    330
DARO 2012  6  2 154   22.5   39.5 21.300  6.900    0.0  0.000 -999.9    330
DARO 2012  6  3 155   22.8   37.5 21.600  6.700    0.0  0.000 -999.9    330
DARO 2012  6  4 156   24.5   40.0 22.600  6.700    0.0  0.000 -999.9    330
DARO 2012  6  5 157   25.0   37.5 25.300  6.900    0.0  0.000 -999.9    330
DARO 2012  6  6 158   23.2   39.5 25.800  7.300    0.5  0.000 -999.9    330
DARO 2012  6  7 159   22.7   39.7 22.300  7.300    0.0  0.000 -999.9    330
DARO 2012  6  8 160   22.2   39.2 25.100  7.300    0.0  0.000 -999.9    330
DARO 2012  6  9 161   23.5   39.7 25.000  7.300    0.0  0.000 -999.9    330
DARO 2012  6 10 162   24.3   39.5 23.800  7.400    0.0  0.000 -999.9    330
DARO 2012  6 11 163   24.7   40.3 23.000  6.900    0.0  0.000 -999.9    330
DARO 2012  6 12 164   24.4   37.5 23.000  6.600    0.0  0.000 -999.9    330
DARO 2012  6 13 165   25.2   37.5 23.500  6.300    0.0  0.000 -999.9    330
DARO 2012  6 14 166   24.7   35.3 23.900  6.600    0.0  0.000 -999.9    330
DARO 2012  6 15 167   24.5   38.0 17.700  6.200    0.0  0.000 -999.9    330
DARO 2012  6 16 168   24.2   38.6 24.500  7.100    0.0  0.000 -999.9    330
DARO 2012  6 17 169   25.0   39.7 20.800  6.500    0.0  0.000 -999.9    330
DARO 2012  6 18 170   25.0   37.2 22.700  6.400    0.0  0.000 -999.9    330
DARO 2012  6 19 171   24.0   35.7 22.500  6.100    0.0  0.000 -999.9    330
DARO 2012  6 20 172   23.7   36.7 23.700  6.700    0.0  0.000 -999.9    330
DARO 2012  6 21 173   25.4   38.8 22.200  6.600    0.0  0.000 -999.9    330
DARO 2012  6 22 174   25.3   39.5 19.000  6.200    0.0  0.000 -999.9    330
DARO 2012  6 23 175   25.8   38.0 20.300  6.300    0.0  0.000 -999.9    330
DARO 2012  6 24 176   26.2   36.5 16.500  5.000    0.0  0.000 -999.9    330
DARO 2012  6 25 177   24.0   33.0 18.200  4.900    1.0  0.000 -999.9    330
DARO 2012  6 26 178   23.1   35.0 25.400  6.100    0.0  0.000 -999.9    330
DARO 2012  6 27 179   22.0   35.5 23.600  5.700   23.0  0.000 -999.9    330
DARO 2012  6 28 180   22.0   33.5 19.700  5.000    0.0  0.000 -999.9    330
DARO 2012  6 29 181   25.6   36.3 19.000  4.900    0.0  0.000 -999.9    330
DARO 2012  6 30 182   21.7   34.5 17.700  4.500   20.0  0.000 -999.9    330
DARO 2012  7  1 183   24.8   34.1 22.800  4.600    7.0  0.000 -999.9    330
DARO 2012  7  2 184   21.8   36.4 20.900  5.100    0.0  0.000 -999.9    330
DARO 2012  7  3 185   23.0   35.0 20.300  4.900    0.0  0.000 -999.9    330
DARO 2012  7  4 186   23.9   34.8 21.400  4.900    4.0  0.000 -999.9    330
DARO 2012  7  5 187   24.1   35.4 18.600  4.600    0.0  0.000 -999.9    330
DARO 2012  7  6 188   24.2   37.0 24.200  5.800    0.0  0.000 -999.9    330
DARO 2012  7  7 189   24.5   34.5 23.200  5.500    4.0  0.000 -999.9    330
DARO 2012  7  8 190   24.4   34.2 19.500  4.600    0.0  0.000 -999.9    330
DARO 2012  7  9 191   25.0   34.9 23.200  5.300    0.0  0.000 -999.9    330
DARO 2012  7 10 192   25.3   35.3 23.200  5.600    0.0  0.000 -999.9    330
DARO 2012  7 11 193   23.9   36.3 25.100  5.800    0.0  0.000 -999.9    330
DARO 2012  7 12 194   23.4   34.1 17.200  4.200   19.0  0.000 -999.9    330
DARO 2012  7 13 195   23.3   36.2 24.400  5.400    0.0  0.000 -999.9    330
DARO 2012  7 14 196   22.2   35.7 23.500  5.700   22.0  0.000 -999.9    330
DARO 2012  7 15 197   22.5   32.0 14.400  3.600    0.0  0.000 -999.9    330
DARO 2012  7 16 198   24.0   35.4 20.600  4.700    0.0  0.000 -999.9    330
DARO 2012  7 17 199   24.3   36.3 21.300  5.000    0.5  0.000 -999.9    330
DARO 2012  7 18 200   24.6   35.2 22.700  5.100    0.0  0.000 -999.9    330
DARO 2012  7 19 201   26.1   35.8 20.900  4.800    0.0  0.000 -999.9    330
DARO 2012  7 20 202   22.8   35.0 18.500  4.300    0.7  0.000 -999.9    330
DARO 2012  7 21 203   24.0   29.5 10.100  2.400   18.0  0.000 -999.9    330
DARO 2012  7 22 204   24.3   33.6 23.500  4.700    0.0  0.000 -999.9    330
DARO 2012  7 23 205   25.2   33.7 15.800  4.000    0.0  0.000 -999.9    330
DARO 2012  7 24 206   22.5   33.1 16.900  3.800   16.0  0.000 -999.9    330
DARO 2012  7 25 207   23.9   34.4 22.400  4.900    0.0  0.000 -999.9    330
DARO 2012  7 26 208   24.6   35.9 25.800  5.500    0.0  0.000 -999.9    330
DARO 2012  7 27 209   25.9   37.5 23.400  5.500    0.0  0.000 -999.9    330
DARO 2012  7 28 210   21.4   31.2 24.600  5.600   20.0  0.000 -999.9    330
DARO 2012  7 29 211   24.6   35.0 24.100  5.200    0.0  0.000 -999.9    330
DARO 2012  7 30 212   24.7   36.2 23.100  5.300    0.0  0.000 -999.9    330
DARO 2012  7 31 213   25.1   33.0 15.100  3.800   12.0  0.000 -999.9    330
DARO 2012  8  1 214   22.2   32.1 17.500  3.800   31.0  0.000 -999.9    330
DARO 2012  8  2 215   24.0   34.3 23.600  5.000    0.0  0.000 -999.9    330
DARO 2012  8  3 216   24.2   34.4 21.000  4.700    0.0  0.000 -999.9    330
DARO 2012  8  4 217   25.1   33.9 19.300  4.300    4.0  0.000 -999.9    330
DARO 2012  8  5 218   23.8   34.0 20.100  4.500    4.0  0.000 -999.9    330
DARO 2012  8  6 219   23.8   34.4 22.400  4.800    0.0  0.000 -999.9    330
DARO 2012  8  7 220   24.4   34.5 24.200  5.400    0.0  0.000 -999.9    330
DARO 2012  8  8 221   25.0   35.1 23.900  5.200    0.0  0.000 -999.9    330
DARO 2012  8  9 222   23.8   31.9 10.100  2.900    3.0  0.000 -999.9    330
DARO 2012  8 10 223   22.6   32.7 15.300  3.400    0.0  0.000 -999.9    330
DARO 2012  8 11 224   22.3   35.2 23.200  4.900    0.0  0.000 -999.9    330
DARO 2012  8 12 225   22.3   34.2 18.500  4.100   14.0  0.000 -999.9    330
DARO 2012  8 13 226   23.5   33.8 18.300  4.000    1.1  0.000 -999.9    330
DARO 2012  8 14 227   24.8   33.6 12.200  3.000    0.0  0.000 -999.9    330
DARO 2012  8 15 228   22.6   34.3 17.700  3.800    0.0  0.000 -999.9    330
DARO 2012  8 16 229   24.3   35.4 21.700  4.500   26.0  0.000 -999.9    330
DARO 2012  8 17 230   23.6   33.5 18.500  4.100   12.0  0.000 -999.9    330
DARO 2012  8 18 231   22.0   26.9  9.500  2.100   50.0  0.000 -999.9    330
DARO 2012  8 19 232   22.7   35.5 20.900  4.000    0.0  0.000 -999.9    330
DARO 2012  8 20 233   23.9   35.1 22.700  4.900    0.0  0.000 -999.9    330
DARO 2012  8 21 234   24.4   33.4 16.600  3.800    0.0  0.000 -999.9    330
DARO 2012  8 22 235   24.8   32.4 14.300  3.200   20.0  0.000 -999.9    330
DARO 2012  8 23 236   21.5   33.0 16.200  3.700    8.0  0.000 -999.9    330
DARO 2012  8 24 237   23.6   33.2 19.800  4.200    0.0  0.000 -999.9    330
DARO 2012  8 25 238   23.7   33.0 15.500  3.500    0.0  0.000 -999.9    330
DARO 2012  8 26 239   22.6   34.7 18.700  4.100  122.0  0.000 -999.9    330
DARO 2012  8 27 240   23.4   34.7 17.400  3.800   21.0  0.000 -999.9    330
DARO 2012  8 28 241   22.5   34.3 22.200  4.700   40.0  0.000 -999.9    330
DARO 2012  8 29 242   20.9   33.3 16.700  3.900    2.8  0.000 -999.9    330
DARO 2012  8 30 243   23.7   34.3 22.800  4.800    0.0  0.000 -999.9    330
DARO 2012  8 31 244   25.1   35.0 13.300  3.200    1.0  0.000 -999.9    330
DARO 2012  9  1 245   23.5   35.0 13.900  3.300   10.8  0.000 -999.9    330
DARO 2012  9  2 246   23.5   31.6 10.100  2.500   35.2  0.000 -999.9    330
DARO 2012  9  3 247   23.6   34.3 14.700  4.400   24.0  0.000 -999.9    330
DARO 2012  9  4 248   23.6   35.5 17.400  3.900   15.0  0.000 -999.9    330
DARO 2012  9  5 249   23.7   33.5 18.200  4.100   10.2  0.000 -999.9    330
DARO 2012  9  6 250   24.0   33.3 13.300  3.300   13.4  0.000 -999.9    330
DARO 2012  9  7 251   24.2   32.3 17.100  3.800    8.6  0.000 -999.9    330
DARO 2012  9  8 252   23.6   34.2 20.700  4.500    0.4  0.000 -999.9    330
DARO 2012  9  9 253   23.6   34.9 22.800  4.700    0.0  0.000 -999.9    330
DARO 2012  9 10 254   22.0   35.6 17.600  4.200    0.0  0.000 -999.9    330
DARO 2012  9 11 255   24.4   37.6 23.500  5.200    0.8  0.000 -999.9    330
DARO 2012  9 12 256   23.3   34.7 16.700  4.200    0.0  0.000 -999.9    330
DARO 2012  9 13 257   25.1   33.9 23.300  5.000    0.0  0.000 -999.9    330
DARO 2012  9 14 258   25.0   36.4 21.800  4.800    0.2  0.000 -999.9    330
DARO 2012  9 15 259   22.2   32.9 12.600  3.100    0.6  0.000 -999.9    330
DARO 2012  9 16 260   24.0   36.2 23.200  4.800    0.0  0.000 -999.9    330
DARO 2012  9 17 261   24.2   36.1 13.800  3.500    0.0  0.000 -999.9    330
DARO 2012  9 18 262   21.7   34.2 22.000  4.700    9.6  0.000 -999.9    330
DARO 2012  9 19 263   24.2   31.2 10.700  2.500    0.2  0.000 -999.9    330
DARO 2012  9 20 264   21.8   34.9 14.000  3.000    7.2  0.000 -999.9    330
DARO 2012  9 21 265   22.2   34.3 11.800  3.000   36.8  0.000 -999.9    330
DARO 2012  9 22 266   24.0   30.5 11.000  2.700    0.2  0.000 -999.9    330
DARO 2012  9 23 267   23.7   34.9 11.700  2.800    0.2  0.000 -999.9    330
DARO 2012  9 24 268   23.7   34.0 10.600  2.700   18.4  0.000 -999.9    330
DARO 2012  9 25 269   23.0   35.8 11.800  3.000    0.2  0.000 -999.9    330
DARO 2012  9 26 270   24.4   37.8 12.500  3.300    0.0  0.000 -999.9    330
DARO 2012  9 27 271   23.7   36.0 12.200  3.400    0.0  0.000 -999.9    330
DARO 2012  9 28 272   21.5   34.4 11.400  2.900   19.2  0.000 -999.9    330
DARO 2012  9 29 273   22.1   33.7 10.500  2.600   12.8  0.000 -999.9    330
DARO 2012  9 30 274   24.1   34.8 12.400  2.800    0.0  0.000 -999.9    330
DARO 2012 10  1 275   21.6   34.4 19.100  4.400   29.4  0.000 -999.9    330
DARO 2012 10  2 276   24.2   37.5 21.100  4.900    0.0  0.000 -999.9    330
DARO 2012 10  3 277   23.8   38.1 21.100  4.800    0.4  0.000 -999.9    330
DARO 2012 10  4 278   22.8   36.1 19.700  4.400    0.0  0.000 -999.9    330
DARO 2012 10  5 279   22.5   36.2 18.300  4.100    5.4  0.000 -999.9    330
DARO 2012 10  6 280   24.4   38.4 20.800  4.700    0.0  0.000 -999.9    330
DARO 2012 10  7 281   24.2   37.1 21.600  4.800    0.2  0.000 -999.9    330
DARO 2012 10  8 282   21.1   37.3 20.700  4.500    3.0  0.000 -999.9    330
DARO 2012 10  9 283   23.2   36.1 16.700  3.900    0.0  0.000 -999.9    330
DARO 2012 10 10 284   24.3   36.5 15.800  3.800    0.0  0.000 -999.9    330
DARO 2012 10 11 285   22.0   34.6 11.200  2.900    0.6  0.000 -999.9    330
DARO 2012 10 12 286   23.5   37.1 19.900  4.700    0.0  0.000 -999.9    330
DARO 2012 10 13 287   24.5   36.6 21.000  4.700    0.0  0.000 -999.9    330
DARO 2012 10 14 288   24.3   36.2 19.700  4.500    0.0  0.000 -999.9    330
DARO 2012 10 15 289   23.8   37.4 20.900  4.800    0.2  0.000 -999.9    330
DARO 2012 10 16 290   24.2   38.1 19.600  4.500    0.0  0.000 -999.9    330
DARO 2012 10 17 291   24.1   38.4 21.500  4.900    0.2  0.000 -999.9    330
DARO 2012 10 18 292   24.6   36.6 17.600  4.100    0.0  0.000 -999.9    330
DARO 2012 10 19 293   22.5   36.4 19.800  4.500    0.0  0.000 -999.9    330
DARO 2012 10 20 294   21.1   36.5 18.800  4.400    0.8  0.000 -999.9    330
DARO 2012 10 21 295   22.4   35.6 12.400  3.100    0.2  0.000 -999.9    330
DARO 2012 10 22 296   23.6   37.2 17.700  4.200    0.0  0.000 -999.9    330
DARO 2012 10 23 297   23.2   38.3 18.200  4.400    0.0  0.000 -999.9    330
DARO 2012 10 24 298   21.8   40.0 21.100  5.100    0.0  0.000 -999.9    330
DARO 2012 10 25 299   23.2   40.6 21.100  5.000    0.2  0.000 -999.9    330
DARO 2012 10 26 300   24.9   40.5 21.200  5.100    0.2  0.000 -999.9    330
DARO 2012 10 27 301   23.0   40.6 20.400  4.800    0.0  0.000 -999.9    330
DARO 2012 10 28 302   22.3   37.0 20.500  4.800    0.2  0.000 -999.9    330
DARO 2012 10 29 303   22.0   37.1 17.900  4.400    0.0  0.000 -999.9    330
DARO 2012 10 30 304   23.8   38.5 19.500  4.700    0.0  0.000 -999.9    330
DARO 2012 10 31 305   23.8   38.0 20.500  4.900    0.0  0.000 -999.9    330
DARO 2012 11  1 306   22.0   38.2 19.400  4.600    0.0  0.000 -999.9    330
DARO 2012 11  2 307   21.6   41.0 20.500  5.000    0.0  0.000 -999.9    330
DARO 2012 11  3 308   19.5   41.4 20.400  5.100    0.0  0.000 -999.9    330
DARO 2012 11  4 309   22.9   38.6 19.300  4.700    0.0  0.000 -999.9    330
DARO 2012 11  5 310   22.7   36.9 16.400  3.900    0.0  0.000 -999.9    330
DARO 2012 11  6 311   23.0   38.6 18.100  4.400    0.2  0.000 -999.9    330
DARO 2012 11  7 312   23.1   39.2 19.800  4.700    0.0  0.000 -999.9    330
DARO 2012 11  8 313   22.7   39.6 20.800  5.100    0.0  0.000 -999.9    330
DARO 2012 11  9 314   22.7   38.6 20.000  4.700    0.0  0.000 -999.9    330
DARO 2012 11 10 315   22.2   39.8 16.500  4.300    7.0  0.000 -999.9    330
DARO 2012 11 11 316   23.1   38.0 12.500  3.500    0.0  0.000 -999.9    330
DARO 2012 11 12 317   22.3   39.3 17.000  4.400    0.0  0.000 -999.9    330
DARO 2012 11 13 318   20.8   38.2 13.500  4.000    0.6  0.000 -999.9    330
DARO 2012 11 14 319   19.3   38.5 16.100  4.400    0.0  0.000 -999.9    330
DARO 2012 11 15 320   18.4   39.0 19.700  5.100    0.0  0.000 -999.9    330
DARO 2012 11 16 321   20.5   39.4 16.500  4.700    0.0  0.000 -999.9    330
DARO 2012 11 17 322   20.4   41.2 19.200  4.900    0.0  0.000 -999.9    330
DARO 2012 11 18 323   18.3   41.6 19.400  5.000    0.0  0.000 -999.9    330
DARO 2012 11 19 324   20.8   40.3 18.900  4.400    0.0  0.000 -999.9    330
DARO 2012 11 20 325   19.7   38.2 17.700  4.700    0.0  0.000 -999.9    330
DARO 2012 11 21 326   20.1   37.3 17.900  4.600    0.0  0.000 -999.9    330
DARO 2012 11 22 327   19.3   40.3 19.900  5.100    0.0  0.000 -999.9    330
DARO 2012 11 23 328   18.3   38.2 20.000  5.200    0.0  0.000 -999.9    330
DARO 2012 11 24 329   18.1   35.1 12.600  3.800    0.0  0.000 -999.9    330
DARO 2012 11 25 330   19.9   37.4 18.200  4.500    0.0  0.000 -999.9    330
DARO 2012 11 26 331   19.5   36.7 18.500  4.600    0.0  0.000 -999.9    330
DARO 2012 11 27 332   18.9   36.7 19.000  4.800    0.0  0.000 -999.9    330
DARO 2012 11 28 333   22.0   37.8 19.000  4.900    0.0  0.000 -999.9    330
DARO 2012 11 29 334   21.2   37.8 12.500  4.200    0.0  0.000 -999.9    330
DARO 2012 11 30 335   23.8   38.3 12.200  4.400    0.0  0.000 -999.9    330
DARO 2012 12  1 336   21.3   32.7 12.100  4.200    0.0  0.000 -999.9    330
DARO 2012 12  2 337   19.5   35.0 16.100  4.600    0.0  0.000 -999.9    330
DARO 2012 12  3 338   21.2   32.5  7.300  3.600    0.0  0.000 -999.9    330
DARO 2012 12  4 339   18.4   32.1 15.600  4.400    0.0  0.000 -999.9    330
DARO 2012 12  5 340   17.9   31.0 15.000  4.300    0.0  0.000 -999.9    330
DARO 2012 12  6 341   13.6   35.7 18.100  5.000    0.0  0.000 -999.9    330
DARO 2012 12  7 342   12.4   38.3 20.200  5.100    0.0  0.000 -999.9    330
DARO 2012 12  8 343   14.3   37.0 19.900  5.600    0.0  0.000 -999.9    330
DARO 2012 12  9 344   12.0   37.6 20.700  5.800    0.0  0.000 -999.9    330
DARO 2012 12 10 345   13.5   38.3 20.200  5.300    0.0  0.000 -999.9    330
DARO 2012 12 11 346   11.7   38.5 20.500  5.400    0.0  0.000 -999.9    330
DARO 2012 12 12 347   13.4   36.4 20.400  5.100    0.0  0.000 -999.9    330
DARO 2012 12 13 348   13.1   32.4 17.900  5.000    0.0  0.000 -999.9    330
DARO 2012 12 14 349   12.0   35.1 18.300  4.900    0.0  0.000 -999.9    330
DARO 2012 12 15 350   12.7   35.5 20.000  5.300    0.0  0.000 -999.9    330
DARO 2012 12 16 351   14.4   36.4 20.200  5.300    0.0  0.000 -999.9    330
DARO 2012 12 17 352   13.7   35.3 19.700  5.500    0.0  0.000 -999.9    330
DARO 2012 12 18 353   10.7   36.7 20.100  5.700    0.0  0.000 -999.9    330
DARO 2012 12 19 354   12.2   38.0 19.600  5.800    0.0  0.000 -999.9    330
DARO 2012 12 20 355   13.2   37.4 20.100  5.500    0.0  0.000 -999.9    330
DARO 2012 12 21 356   15.5   36.5 20.200  5.200    0.0  0.000 -999.9    330
DARO 2012 12 22 357   11.2   37.0 18.700  5.300    0.0  0.000 -999.9    330
DARO 2012 12 23 358   11.8   37.6 18.400  5.200    0.0  0.000 -999.9    330
DARO 2012 12 24 359   14.3   37.0 12.500  5.100    0.0  0.000 -999.9    330
DARO 2012 12 25 360   13.3   38.0 18.200  5.900    0.0  0.000 -999.9    330
DARO 2012 12 26 361   12.3   37.0 17.300  5.500    0.0  0.000 -999.9    330
DARO 2012 12 27 362   12.2   36.5 18.900  5.800    0.0  0.000 -999.9    330
DARO 2012 12 28 363   11.1   36.0 18.400  6.100    0.0  0.000 -999.9    330
DARO 2012 12 29 364   14.6   34.0 18.200  5.800    0.0  0.000 -999.9    330
DARO 2012 12 30 365   12.2   31.5 14.900  5.500    0.0  0.000 -999.9    330
DARO 2012 12 31 366   13.3   31.5 17.100  5.600    0.0  0.000 -999.9    330
DARO 2013  1  1   1   12.0   32.5 15.800  5.300    0.0  0.000 -999.9    330
DARO 2013  1  2   2   13.2   34.2 17.800  5.300    0.0  0.000 -999.9    330
DARO 2013  1  3   3   10.7   34.3 16.900  5.300    0.0  0.000 -999.9    330
DARO 2013  1  4   4   14.7   34.4 18.600  5.400    0.0  0.000 -999.9    330
DARO 2013  1  5   5   10.7   29.6 12.500  4.200    0.0  0.000 -999.9    330
DARO 2013  1  6   6   12.7   31.1 15.400  4.900    0.0  0.000 -999.9    330
DARO 2013  1  7   7    7.0   33.2 18.300  5.600    0.0  0.000 -999.9    330
DARO 2013  1  8   8   12.0   34.5 18.600  5.500    0.0  0.000 -999.9    330
DARO 2013  1  9   9   13.7   35.5 18.800  5.500    0.0  0.000 -999.9    330
DARO 2013  1 10  10   14.4   35.0 17.200  5.600    0.0  0.000 -999.9    330
DARO 2013  1 11  11   14.0   36.0 17.500  5.700    0.0  0.000 -999.9    330
DARO 2013  1 12  12   14.4   38.0 19.100  5.800    0.0  0.000 -999.9    330
DARO 2013  1 13  13   17.5   38.6 20.100  6.100    0.0  0.000 -999.9    330
DARO 2013  1 14  14   15.0   37.0 13.700  5.700    0.0  0.000 -999.9    330
DARO 2013  1 15  15   11.8   37.6 21.400  6.400    0.0  0.000 -999.9    330
DARO 2013  1 16  16   16.3   36.0 20.900  6.100    0.0  0.000 -999.9    330
DARO 2013  1 17  17    6.5   35.5 20.400  6.400    0.0  0.000 -999.9    330
DARO 2013  1 18  18   11.7   34.5 20.600  6.200    0.0  0.000 -999.9    330
DARO 2013  1 19  19   11.2   35.0 21.000  6.500    0.0  0.000 -999.9    330
DARO 2013  1 20  20   11.5   35.0 19.700  6.200    0.0  0.000 -999.9    330
DARO 2013  1 21  21   11.7   36.5 21.000  6.100    0.0  0.000 -999.9    330
DARO 2013  1 22  22   17.2   35.5 15.900  5.500    0.0  0.000 -999.9    330
DARO 2013  1 23  23   16.5   32.0 10.300  4.300    0.0  0.000 -999.9    330
DARO 2013  1 24  24   15.8   34.6 18.700  5.700    0.0  0.000 -999.9    330
DARO 2013  1 25  25   19.3   26.5  7.700  3.500    0.0  0.000 -999.9    330
DARO 2013  1 26  26   18.5   28.0  7.700  3.100    0.0  0.000 -999.9    330
DARO 2013  1 27  27   15.1   34.6 20.900  5.900    0.0  0.000 -999.9    330
DARO 2013  1 28  28   12.5   35.0 20.700  6.200    0.0  0.000 -999.9    330
DARO 2013  1 29  29   12.8   36.0 21.400  6.200    0.0  0.000 -999.9    330
DARO 2013  1 30  30   18.6   36.0 20.200  6.300    0.0  0.000 -999.9    330
DARO 2013  1 31  31   17.6   38.5 20.700  6.800    0.0  0.000 -999.9    330
DARO 2013  2  1  32   20.4   38.5 19.000  6.600    0.0  0.000 -999.9    330
DARO 2013  2  2  33   16.4   37.5 20.000  6.000    0.0  0.000 -999.9    330
DARO 2013  2  3  34   16.0   37.4 20.500  6.600    0.0  0.000 -999.9    330
DARO 2013  2  4  35   15.0   38.0 21.000  6.900    0.0  0.000 -999.9    330
DARO 2013  2  5  36   17.8   38.5 19.500  6.900    0.0  0.000 -999.9    330
DARO 2013  2  6  37   23.5   38.5 20.400  7.100    0.0  0.000 -999.9    330
DARO 2013  2  7  38   15.8   37.5 14.000  6.200    0.0  0.000 -999.9    330
DARO 2013  2  8  39   16.5   39.0 20.900  7.000    0.0  0.000 -999.9    330
DARO 2013  2  9  40   17.0   38.0 17.600  6.500    0.0  0.000 -999.9    330
DARO 2013  2 10  41   18.4   36.5 18.100  5.900    0.0  0.000 -999.9    330
DARO 2013  2 11  42   17.0   40.5 20.800  7.200    0.0  0.000 -999.9    330
DARO 2013  2 12  43   16.9   37.9 20.700  6.100    0.0  0.000 -999.9    330
DARO 2013  2 13  44   15.4   39.9 21.500  7.300    0.0  0.000 -999.9    330
DARO 2013  2 14  45   15.0   41.2 22.400  7.600    0.0  0.000 -999.9    330
DARO 2013  2 15  46   14.0   40.1 22.800  7.300    0.0  0.000 -999.9    330
DARO 2013  2 16  47   14.8   38.5 22.000  6.900    0.0  0.000 -999.9    330
DARO 2013  2 17  48   15.5   38.5 22.600  6.500    0.0  0.000 -999.9    330
DARO 2013  2 18  49   14.0   38.9 23.000  6.700    0.0  0.000 -999.9    330
DARO 2013  2 19  50   14.3   36.7 23.000  7.100    0.0  0.000 -999.9    330
DARO 2013  2 20  51   14.0   37.0 23.400  6.800    0.0  0.000 -999.9    330
DARO 2013  2 21  52   15.7   38.5 23.600  7.300    0.0  0.000 -999.9    330
DARO 2013  2 22  53   13.5   39.5 23.700  7.200    0.0  0.000 -999.9    330
DARO 2013  2 23  54   16.5   39.8 23.400  7.200    0.0  0.000 -999.9    330
DARO 2013  2 24  55   15.3   40.0 23.500  7.200    0.0  0.000 -999.9    330
DARO 2013  2 25  56   16.5   40.5 23.400  7.200    0.0  0.000 -999.9    330
DARO 2013  2 26  57   17.0   39.0 21.300  7.200    0.0  0.000 -999.9    330
DARO 2013  2 27  58   15.5   37.0 23.400  7.000    0.0  0.000 -999.9    330
DARO 2013  2 28  59   14.7   37.3 23.600  6.600    0.0  0.000 -999.9    330
DARO 2013  3  1  60   15.7   40.0 23.200  7.000    0.0  0.000 -999.9    330
DARO 2013  3  2  61   19.2   38.8 18.400  6.600    0.0  0.000 -999.9    330
DARO 2013  3  3  62   17.0   41.5 23.800  7.300    0.0  0.000 -999.9    330
DARO 2013  3  4  63   17.3   38.6 24.000  6.800    0.0  0.000 -999.9    330
DARO 2013  3  5  64   16.5   36.0 23.900  6.700    0.0  0.000 -999.9    330
DARO 2013  3  6  65   16.8   38.0 23.500  6.600    0.0  0.000 -999.9    330
DARO 2013  3  7  66   18.2   42.5 23.700  7.900    0.0  0.000 -999.9    330
DARO 2013  3  8  67   18.6   43.5 24.000  8.100    0.0  0.000 -999.9    330
DARO 2013  3  9  68   17.6   42.5 23.600  7.300    0.0  0.000 -999.9    330
DARO 2013  3 10  69   18.3   44.0 24.300  8.000    0.0  0.000 -999.9    330
DARO 2013  3 11  70   18.0   43.3 24.000  8.100    0.0  0.000 -999.9    330
DARO 2013  3 12  71   18.5   41.0 23.300  7.600    0.0  0.000 -999.9    330
DARO 2013  3 13  72   18.8   41.8 23.100  7.900    0.0  0.000 -999.9    330
DARO 2013  3 14  73   18.8   43.0 23.100  8.200    0.0  0.000 -999.9    330
DARO 2013  3 15  74   17.4   41.0 23.800  7.700    0.0  0.000 -999.9    330
DARO 2013  3 16  75   19.3   40.5 20.200  7.100    0.0  0.000 -999.9    330
DARO 2013  3 17  76   18.7   41.0 23.100  7.400    0.0  0.000 -999.9    330
DARO 2013  3 18  77   17.8   39.4 24.300  7.300    0.0  0.000 -999.9    330
DARO 2013  3 19  78   18.5   37.8 24.700  7.400    0.0  0.000 -999.9    330
DARO 2013  3 20  79   18.8   41.3 23.200  7.700    0.0  0.000 -999.9    330
DARO 2013  3 21  80   20.3   44.0 24.000  8.000    0.0  0.000 -999.9    330
DARO 2013  3 22  81   19.6   43.0 23.700  7.900    0.0  0.000 -999.9    330
DARO 2013  3 23  82   19.0   38.5 20.700  6.300    0.0  0.000 -999.9    330
DARO 2013  3 24  83   19.3   42.2 21.300  7.700    0.0  0.000 -999.9    330
DARO 2013  3 25  84   19.0   43.2 24.300  7.500    0.0  0.000 -999.9    330
DARO 2013  3 26  85   21.4   42.0 24.800  7.700    0.0  0.000 -999.9    330
DARO 2013  3 27  86   19.8   39.4 24.700  7.400    0.0  0.000 -999.9    330
DARO 2013  3 28  87   18.0   41.0 25.100  7.400    0.0  0.000 -999.9    330
DARO 2013  3 29  88   21.5   44.5 25.300  8.800    0.0  0.000 -999.9    330
DARO 2013  3 30  89   18.8   43.0 25.500  7.800    0.0  0.000 -999.9    330
DARO 2013  3 31  90   18.6   43.5 25.700  8.100    0.0  0.000 -999.9    330
DARO 2013  4  1  91   18.5   40.5 25.400  7.300    0.0  0.000 -999.9    330
DARO 2013  4  2  92   18.9   39.5 25.700  7.400    0.0  0.000 -999.9    330
DARO 2013  4  3  93   17.0   40.5 24.700  7.400    0.0  0.000 -999.9    330
DARO 2013  4  4  94   18.4   39.0 25.200  7.100    0.0  0.000 -999.9    330
DARO 2013  4  5  95   18.5   39.5 25.200  7.000    0.0  0.000 -999.9    330
DARO 2013  4  6  96   19.2   42.7 23.800  7.700    0.0  0.000 -999.9    330
DARO 2013  4  7  97   19.5   40.3 20.700  7.300    0.0  0.000 -999.9    330
DARO 2013  4  8  98   19.6   36.7 21.200  6.800    0.0  0.000 -999.9    330
DARO 2013  4  9  99   18.0   37.4 24.600  7.100    0.0  0.000 -999.9    330
DARO 2013  4 10 100   18.4   40.7 25.200  7.900    0.0  0.000 -999.9    330
DARO 2013  4 11 101   21.3   42.5 25.400  7.900    0.0  0.000 -999.9    330
DARO 2013  4 12 102   20.6   43.5 24.800  8.100    0.0  0.000 -999.9    330
DARO 2013  4 13 103   19.4   41.7 24.200  7.800    0.0  0.000 -999.9    330
DARO 2013  4 14 104   18.7   42.6 24.800  8.100    0.0  0.000 -999.9    330
DARO 2013  4 15 105   18.5   43.7 24.800  8.500    0.0  0.000 -999.9    330
DARO 2013  4 16 106   18.6   43.4 24.800  8.400    0.0  0.000 -999.9    330
DARO 2013  4 17 107   18.0   43.0 25.300  8.200    0.0  0.000 -999.9    330
DARO 2013  4 18 108   17.4   39.7 25.800  7.900    0.0  0.000 -999.9    330
DARO 2013  4 19 109   16.0   36.5 25.900  7.300    0.0  0.000 -999.9    330
DARO 2013  4 20 110   16.3   36.0 25.300  6.800    0.0  0.000 -999.9    330
DARO 2013  4 21 111   18.5   39.0 24.500  7.200    0.0  0.000 -999.9    330
DARO 2013  4 22 112   18.3   42.8 25.400  8.200    0.0  0.000 -999.9    330
DARO 2013  4 23 113   17.9   42.5 25.700  8.200    0.0  0.000 -999.9    330
DARO 2013  4 24 114   19.4   36.2 25.700  6.600    0.0  0.000 -999.9    330
DARO 2013  4 25 115   19.2   38.8 25.100  7.300    0.0  0.000 -999.9    330
DARO 2013  4 26 116   19.6   37.6 24.700  6.700    0.0  0.000 -999.9    330
DARO 2013  4 27 117   20.3   40.5 26.000  7.600    0.0  0.000 -999.9    330
DARO 2013  4 28 118   19.8   41.5 25.300  7.800    0.0  0.000 -999.9    330
DARO 2013  4 29 119   19.7   41.5 25.900  8.200    0.0  0.000 -999.9    330
DARO 2013  4 30 120   19.0   39.0 26.200  7.500    0.0  0.000 -999.9    330
DARO 2013  5  1 121   18.5   38.6 26.000  7.500    0.0  0.000 -999.9    330
DARO 2013  5  2 122   19.5   40.5 26.300  7.500    0.0  0.000 -999.9    330
DARO 2013  5  3 123   20.5   41.5 26.100  8.500    0.0  0.000 -999.9    330
DARO 2013  5  4 124   20.5   41.0 26.000  8.400    0.0  0.000 -999.9    330
DARO 2013  5  5 125   22.0   43.2 25.800  8.700    0.0  0.000 -999.9    330
DARO 2013  5  6 126   21.4   43.5 25.900  8.500    0.0  0.000 -999.9    330
DARO 2013  5  7 127   20.0   43.6 25.000  8.200    0.0  0.000 -999.9    330
DARO 2013  5  8 128   19.6   42.0 25.300  7.700    0.0  0.000 -999.9    330
DARO 2013  5  9 129   20.7   40.7 25.600  7.700    0.0  0.000 -999.9    330
DARO 2013  5 10 130   21.0   42.0 25.400  7.800    0.0  0.000 -999.9    330
DARO 2013  5 11 131   21.4   38.4 25.700  7.200    0.0  0.000 -999.9    330
DARO 2013  5 12 132   20.3   37.7 25.400  7.100    0.0  0.000 -999.9    330
DARO 2013  5 13 133   20.4   41.4 25.700  7.300    0.0  0.000 -999.9    330
DARO 2013  5 14 134   20.4   39.3 25.400  7.400    0.0  0.000 -999.9    330
DARO 2013  5 15 135   21.2   42.7 24.700  8.000    0.0  0.000 -999.9    330
DARO 2013  5 16 136   20.6   38.4 24.700  7.400    0.0  0.000 -999.9    330
DARO 2013  5 17 137   20.2   37.5 24.400  7.200    0.0  0.000 -999.9    330
DARO 2013  5 18 138   21.2   40.3 25.300  7.800    0.0  0.000 -999.9    330
DARO 2013  5 19 139   23.5   42.2 24.700  8.200    0.0  0.000 -999.9    330
DARO 2013  5 20 140   22.0   40.3 25.000  7.500    0.0  0.000 -999.9    330
DARO 2013  5 21 141   24.0   41.0 24.600  8.000    0.0  0.000 -999.9    330
DARO 2013  5 22 142   25.3   39.5 23.600  7.500    0.0  0.000 -999.9    330
DARO 2013  5 23 143   24.5   40.5 20.300  7.200    0.0  0.000 -999.9    330
DARO 2013  5 24 144   25.5   40.5 21.600  6.900    0.0  0.000 -999.9    330
DARO 2013  5 25 145   25.1   41.0 22.900  7.100    0.0  0.000 -999.9    330
DARO 2013  5 26 146   25.2   37.5 20.200  6.100    0.0  0.000 -999.9    330
DARO 2013  5 27 147   24.5   38.5 23.100  6.900    0.0  0.000 -999.9    330
DARO 2013  5 28 148   24.5   38.5 23.600  6.800    0.0  0.000 -999.9    330
DARO 2013  5 29 149   24.8   40.0 22.700  7.000    0.0  0.000 -999.9    330
DARO 2013  5 30 150   24.5   41.5 22.600  7.300    0.0  0.000 -999.9    330
DARO 2013  5 31 151   24.8   38.9 20.500  6.300    0.0  0.000 -999.9    330
DARO 2013  6  1 152   24.0   35.5 23.900  6.200    0.0  0.000 -999.9    330
DARO 2013  6  2 153   21.0   35.4 17.900  5.200   11.0  0.000 -999.9    330
DARO 2013  6  3 154   24.0   36.5 22.800  6.500    0.0  0.000 -999.9    330
DARO 2013  6  4 155   22.5   34.7 19.700  5.800    0.0  0.000 -999.9    330
DARO 2013  6  5 156   22.8   37.7 24.100  6.700    0.0  0.000 -999.9    330
DARO 2013  6  6 157   22.2   38.0 24.100  6.400    0.0  0.000 -999.9    330
DARO 2013  6  7 158   24.2   38.3 22.800  6.500    0.0  0.000 -999.9    330
DARO 2013  6  8 159   23.3   35.3 22.200  6.200    4.0  0.000 -999.9    330
DARO 2013  6  9 160   23.0   35.7 16.100  5.000    0.0  0.000 -999.9    330
DARO 2013  6 10 161   25.2   39.7 21.900  6.900    0.0  0.000 -999.9    330
DARO 2013  6 11 162   25.0   37.3 21.000  6.100    0.0  0.000 -999.9    330
DARO 2013  6 12 163   22.2   32.5 18.100  4.700   27.0  0.000 -999.9    330
DARO 2013  6 13 164   23.6   36.3 22.600  6.100    0.0  0.000 -999.9    330
DARO 2013  6 14 165   24.0   36.4 21.700  5.800    0.0  0.000 -999.9    330
DARO 2013  6 15 166   25.3   36.2 21.800  6.000    0.0  0.000 -999.9    330
DARO 2013  6 16 167   25.0   35.7 23.000  6.200    0.0  0.000 -999.9    330
DARO 2013  6 17 168   24.7   38.3 18.400  6.000    0.0  0.000 -999.9    330
DARO 2013  6 18 169   25.3   35.3 17.400  5.200    0.0  0.000 -999.9    330
DARO 2013  6 19 170   24.5   36.5 19.600  5.700    0.0  0.000 -999.9    330
DARO 2013  6 20 171   24.5   39.0 23.700  6.900    0.0  0.000 -999.9    330
DARO 2013  6 21 172   24.5   37.0 24.500  6.800    0.0  0.000 -999.9    330
DARO 2013  6 22 173   24.0   36.5 23.700  6.500    0.0  0.000 -999.9    330
DARO 2013  6 23 174   24.0   36.7 24.600  6.800    0.0  0.000 -999.9    330
DARO 2013  6 24 175   23.9   38.5 25.200  7.100    0.0  0.000 -999.9    330
DARO 2013  6 25 176   25.2   35.5 23.400  6.300    0.0  0.000 -999.9    330
DARO 2013  6 26 177   23.5   35.1 18.500  5.400    0.0  0.000 -999.9    330
DARO 2013  6 27 178   25.2   35.2 22.100  5.800    0.0  0.000 -999.9    330
DARO 2013  6 28 179   23.7   33.3 17.500  5.000    0.0  0.000 -999.9    330
DARO 2013  6 29 180   24.3   35.6 13.900  4.700    2.6  0.000 -999.9    330
DARO 2013  6 30 181   21.8   38.0 23.100  6.300   42.0  0.000 -999.9    330
DARO 2013  7  1 182   22.8   32.5 16.200  4.000    3.6  0.000 -999.9    330
DARO 2013  7  2 183   24.6   32.4 15.300  4.000    0.0  0.000 -999.9    330
DARO 2013  7  3 184   22.8   34.6 16.600  4.600   17.6  0.000 -999.9    330
DARO 2013  7  4 185   23.4   32.3 17.400  4.100    0.0  0.000 -999.9    330
DARO 2013  7  5 186   24.8   34.5 17.100  4.600    0.0  0.000 -999.9    330
DARO 2013  7  6 187   25.1   35.6 16.300  4.900    0.0  0.000 -999.9    330
DARO 2013  7  7 188   24.9   35.3 11.000  3.700    0.0  0.000 -999.9    330
DARO 2013  7  8 189   24.4   36.5 12.800  4.200    0.0  0.000 -999.9    330
DARO 2013  7  9 190   24.0   36.0 16.500  4.500    0.0  0.000 -999.9    330
DARO 2013  7 10 191   21.1   34.4 18.000  4.700   15.8  0.000 -999.9    330
DARO 2013  7 11 192   21.1   32.5 19.300  4.600    6.0  0.000 -999.9    330
DARO 2013  7 12 193   21.8   33.9 23.500  5.400    0.0  0.000 -999.9    330
DARO 2013  7 13 194   24.2   34.3 23.200  5.300    0.0  0.000 -999.9    330
DARO 2013  7 14 195   26.1   37.5 22.200  5.600    0.0  0.000 -999.9    330
DARO 2013  7 15 196   25.6   37.8 23.100  5.900    0.0  0.000 -999.9    330
DARO 2013  7 16 197   26.1   36.0 23.200  5.800    0.4  0.000 -999.9    330
DARO 2013  7 17 198   21.2   33.8 19.700  5.100   19.8  0.000 -999.9    330
DARO 2013  7 18 199   26.2   34.5 21.900  5.600    0.0  0.000 -999.9    330
DARO 2013  7 19 200   24.8   34.8 24.500  6.100    0.0  0.000 -999.9    330
DARO 2013  7 20 201   25.3   37.2 25.100  6.200    0.0  0.000 -999.9    330
DARO 2013  7 21 202   21.5   32.3 19.100  4.500   30.2  0.000 -999.9    330
DARO 2013  7 22 203   25.3   32.6 18.300  4.500    0.0  0.000 -999.9    330
DARO 2013  7 23 204   24.8   34.3 17.300  4.700    0.0  0.000 -999.9    330
DARO 2013  7 24 205   25.6   36.3 20.900  5.400    0.0  0.000 -999.9    330
DARO 2013  7 25 206   27.0   35.3 17.900  4.700    0.0  0.000 -999.9    330
DARO 2013  7 26 207   25.4   35.4 21.200  5.200    0.0  0.000 -999.9    330
DARO 2013  7 27 208   23.7   34.3 20.800  4.900    4.2  0.000 -999.9    330
DARO 2013  7 28 209   24.6   33.9 18.500  4.700    0.0  0.000 -999.9    330
DARO 2013  7 29 210   26.3   33.9 19.000  4.900    0.0  0.000 -999.9    330
DARO 2013  7 30 211   25.7   34.1 16.700  4.600    0.0  0.000 -999.9    330
DARO 2013  7 31 212   25.0   32.2 18.300  4.500    1.2  0.000 -999.9    330
DARO 2013  8  1 213   23.9   32.9 14.900  3.900   18.0  0.000 -999.9    330
DARO 2013  8  2 214   24.6   33.1 18.300  4.500    1.4  0.000 -999.9    330
DARO 2013  8  3 215   24.0   32.4 24.500  5.100    0.0  0.000 -999.9    330
DARO 2013  8  4 216   24.3   34.9 21.500  5.100    0.0  0.000 -999.9    330
DARO 2013  8  5 217   25.2   34.2 22.800  5.500    0.0  0.000 -999.9    330
DARO 2013  8  6 218   24.5   35.9 20.300  5.100   14.0  0.000 -999.9    330
DARO 2013  8  7 219   24.6   30.9 12.200  3.000    5.0  0.000 -999.9    330
DARO 2013  8  8 220   24.0   32.6 22.700  4.900    0.0  0.000 -999.9    330
DARO 2013  8  9 221   25.3   31.3 15.400  3.600    0.0  0.000 -999.9    330
DARO 2013  8 10 222   24.9   33.3 19.100  4.400    0.8  0.000 -999.9    330
DARO 2013  8 11 223   23.9   32.5 17.200  4.000   43.8  0.000 -999.9    330
DARO 2013  8 12 224   23.0   31.6 17.100  3.800   38.0  0.000 -999.9    330
DARO 2013  8 13 225   24.2   31.5 13.600  3.300   31.0  0.000 -999.9    330
DARO 2013  8 14 226   24.1   28.7 11.800  2.900    0.2  0.000 -999.9    330
DARO 2013  8 15 227   23.5   32.9 21.800  4.800    8.6  0.000 -999.9    330
DARO 2013  8 16 228   22.2   29.1 11.300  2.700    8.8  0.000 -999.9    330
DARO 2013  8 17 229   24.1   31.7 21.100  4.600    0.0  0.000 -999.9    330
DARO 2013  8 18 230   23.9   29.0  9.500  2.200    5.8  0.000 -999.9    330
DARO 2013  8 19 231   23.7   30.1 14.800  3.400   14.8  0.000 -999.9    330
DARO 2013  8 20 232   23.8   30.4 17.200  3.800    0.0  0.000 -999.9    330
DARO 2013  8 21 233   23.6   32.2 13.100  3.200    0.2  0.000 -999.9    330
DARO 2013  8 22 234   22.6   34.1 24.100  5.300   78.2  0.000 -999.9    330
DARO 2013  8 23 235   22.4   32.8 20.400  4.600    1.0  0.000 -999.9    330
DARO 2013  8 24 236   21.5   33.5 24.900  5.400    7.2  0.000 -999.9    330
DARO 2013  8 25 237   20.7   26.2  9.400  1.900   48.8  0.000 -999.9    330
DARO 2013  8 26 238   22.6   32.8 20.000  4.400    0.6  0.000 -999.9    330
DARO 2013  8 27 239   24.4   32.7 18.300  4.200    0.2  0.000 -999.9    330
DARO 2013  8 28 240   23.8   33.0 15.700  3.500    0.0  0.000 -999.9    330
DARO 2013  8 29 241   23.5   31.2 12.300  3.000    6.2  0.000 -999.9    330
DARO 2013  8 30 242   21.4   30.8 12.900  3.000   47.2  0.000 -999.9    330
DARO 2013  8 31 243   20.9   30.7 13.800  3.200    0.6  0.000 -999.9    330
DARO 2013  9  1 244   21.4   32.4 23.100  4.800    0.0  0.000 -999.9    330
DARO 2013  9  2 245   23.6   32.5 22.200  4.800    0.0  0.000 -999.9    330
DARO 2013  9  3 246   25.3   33.0 20.500  4.600    0.0  0.000 -999.9    330
DARO 2013  9  4 247   24.4   32.9 17.300  4.000    0.2  0.000 -999.9    330
DARO 2013  9  5 248   21.7   32.7 14.100  3.200   22.2  0.000 -999.9    330
DARO 2013  9  6 249   21.8   26.0  9.300  2.000  117.0  0.000 -999.9    330
DARO 2013  9  7 250   22.7   30.1 14.300  3.200   25.0  0.000 -999.9    330
DARO 2013  9  8 251   23.4   31.9 23.000  4.700    0.2  0.000 -999.9    330
DARO 2013  9  9 252   24.0   31.3 15.800  3.600    1.0  0.000 -999.9    330
DARO 2013  9 10 253   23.0   32.5 20.200  4.300    2.0  0.000 -999.9    330
DARO 2013  9 11 254   24.6   34.9 24.300  5.400    0.0  0.000 -999.9    330
DARO 2013  9 12 255   25.3   33.6 22.900  5.100    0.4  0.000 -999.9    330
DARO 2013  9 13 256   24.7   35.3 19.400  4.600   10.4  0.000 -999.9    330
DARO 2013  9 14 257   23.9   31.7 13.100  3.000   18.4  0.000 -999.9    330
DARO 2013  9 15 258   24.3   30.9 11.100  2.700    6.0  0.000 -999.9    330
DARO 2013  9 16 259   24.3   34.1 24.300  5.300    0.0  0.000 -999.9    330
DARO 2013  9 17 260   24.7   32.6 16.300  3.900    7.6  0.000 -999.9    330
DARO 2013  9 18 261   23.6   35.6 17.300  4.100    0.2  0.000 -999.9    330
DARO 2013  9 19 262   23.1   32.7 12.700  3.200    8.2  0.000 -999.9    330
DARO 2013  9 20 263   22.8   30.8  9.500  2.500    0.0  0.000 -999.9    330
DARO 2013  9 21 264   24.3   34.3 21.100  4.700    0.0  0.000 -999.9    330
DARO 2013  9 22 265   24.0   35.6 19.900  4.500    2.8  0.000 -999.9    330
DARO 2013  9 23 266   24.0   35.1 21.800  4.700    0.2  0.000 -999.9    330
DARO 2013  9 24 267   26.4   33.8 20.900  4.700    0.0  0.000 -999.9    330
DARO 2013  9 25 268   25.7   35.2 22.500  4.900    0.0  0.000 -999.9    330
DARO 2013  9 26 269   22.9   37.2 22.900  5.300    6.0  0.000 -999.9    330
DARO 2013  9 27 270   23.1   33.9 19.100  4.200    1.4  0.000 -999.9    330
DARO 2013  9 28 271   22.5   31.4 12.100  2.900    1.2  0.000 -999.9    330
DARO 2013  9 29 272   23.4   34.5 23.400  5.100    0.0  0.000 -999.9    330
DARO 2013  9 30 273   24.4   35.1 23.200  5.100    0.0  0.000 -999.9    330
DARO 2013 10  1 274   25.3   35.5 20.600  4.700    0.0  0.000 -999.9    330
DARO 2013 10  2 275   24.7   35.0 23.000  5.100    0.0  0.000 -999.9    330
DARO 2013 10  3 276   24.4   36.9 22.200  5.200    0.2  0.000 -999.9    330
DARO 2013 10  4 277   23.4   33.7 13.200  3.300    0.0  0.000 -999.9    330
DARO 2013 10  5 278   23.8   36.7 22.100  5.000    0.0  0.000 -999.9    330
DARO 2013 10  6 279   23.8   36.8 22.900  5.300    2.4  0.000 -999.9    330
DARO 2013 10  7 280   22.0   33.7 12.800  3.000   30.6  0.000 -999.9    330
DARO 2013 10  8 281   23.4   35.2 23.400  5.100    0.0  0.000 -999.9    330
DARO 2013 10  9 282   24.1   34.1 22.500  5.000    0.2  0.000 -999.9    330
DARO 2013 10 10 283   23.8   34.4 20.600  4.600    0.0  0.000 -999.9    330
DARO 2013 10 11 284   22.5   34.7 21.000  4.700    0.8  0.000 -999.9    330
DARO 2013 10 12 285   23.8   34.6 17.200  4.000    1.8  0.000 -999.9    330
DARO 2013 10 13 286   22.9   36.8 22.700  5.300    3.6  0.000 -999.9    330
DARO 2013 10 14 287   23.2   34.7 21.200  4.800    0.6  0.000 -999.9    330
DARO 2013 10 15 288   24.8   35.0 21.100  4.700    0.0  0.000 -999.9    330
DARO 2013 10 16 289   22.4   34.9 21.200  5.000    3.6  0.000 -999.9    330
DARO 2013 10 17 290   23.2   34.0 15.500  3.800    0.0  0.000 -999.9    330
DARO 2013 10 18 291   25.0   32.0 11.900  3.000    0.0  0.000 -999.9    330
DARO 2013 10 19 292   24.1   36.5 18.300  4.300    0.0  0.000 -999.9    330
DARO 2013 10 20 293   23.8   36.2 21.600  4.700    0.0  0.000 -999.9    330
DARO 2013 10 21 294   23.9   35.1 20.900  4.600    0.2  0.000 -999.9    330
DARO 2013 10 22 295   21.7   35.8 21.000  4.700    0.0  0.000 -999.9    330
DARO 2013 10 23 296   24.0   35.5 20.500  4.700    0.0  0.000 -999.9    330
DARO 2013 10 24 297   22.3   37.2 21.300  5.100    0.0  0.000 -999.9    330
DARO 2013 10 25 298   23.6   36.7 12.200  3.200    0.2  0.000 -999.9    330
DARO 2013 10 26 299   24.5   33.5  9.500  2.600    0.0  0.000 -999.9    330
DARO 2013 10 27 300   22.4   34.5 16.600  3.900    0.0  0.000 -999.9    330
DARO 2013 10 28 301   22.7   34.6 14.200  3.600    2.4  0.000 -999.9    330
DARO 2013 10 29 302   24.3   33.7 13.900  3.600    0.0  0.000 -999.9    330
DARO 2013 10 30 303   22.2   38.5 17.900  4.800    0.0  0.000 -999.9    330
DARO 2013 10 31 304   21.9   35.6 12.900  3.800    0.0  0.000 -999.9    330
DARO 2013 11  1 305   21.0   37.4 15.800  4.200    0.0  0.000 -999.9    330
DARO 2013 11  2 306   22.2   32.7 11.100  3.300    0.0  0.000 -999.9    330
DARO 2013 11  3 307   21.0   34.5 19.400  4.500    0.0  0.000 -999.9    330
DARO 2013 11  4 308   20.8   38.7 18.900  4.800    0.0  0.000 -999.9    330
DARO 2013 11  5 309   21.2   37.7 19.700  5.000    0.0  0.000 -999.9    330
DARO 2013 11  6 310   22.7   39.9 19.300  4.900    0.2  0.000 -999.9    330
DARO 2013 11  7 311   23.4   38.1 19.600  4.800    0.2  0.000 -999.9    330
DARO 2013 11  8 312   21.0   39.1 19.400  4.800    0.0  0.000 -999.9    330
DARO 2013 11  9 313   19.4   39.0 19.300  5.100    0.0  0.000 -999.9    330
DARO 2013 11 10 314   19.1   40.8 19.800  5.100    0.0  0.000 -999.9    330
DARO 2013 11 11 315   17.9   40.7 20.000  5.100    0.2  0.000 -999.9    330
DARO 2013 11 12 316   16.6   41.0 19.900  5.200    0.0  0.000 -999.9    330
DARO 2013 11 13 317   20.3   39.3 19.900  5.100    0.0  0.000 -999.9    330
DARO 2013 11 14 318   18.2   38.9 20.000  5.100    0.2  0.000 -999.9    330
DARO 2013 11 15 319   19.8   38.3 20.200  5.000    0.0  0.000 -999.9    330
DARO 2013 11 16 320   19.3   35.3 11.700  3.700    0.0  0.000 -999.9    330
DARO 2013 11 17 321   20.9   33.3  8.600  3.600    0.0  0.000 -999.9    330
DARO 2013 11 18 322   20.4   32.7  8.700  3.200    0.0  0.000 -999.9    330
DARO 2013 11 19 323   18.7   35.7 13.400  4.100    0.0  0.000 -999.9    330
DARO 2013 11 20 324   18.7   33.5 10.800  3.700    0.0  0.000 -999.9    330
DARO 2013 11 21 325   20.4   27.3  7.500  2.900    0.0  0.000 -999.9    330
DARO 2013 11 22 326   20.5   34.6 17.100  4.500    0.0  0.000 -999.9    330
DARO 2013 11 23 327   18.0   34.0 15.100  4.100    0.0  0.000 -999.9    330
DARO 2013 11 24 328   16.7   37.3 20.000  5.300    0.0  0.000 -999.9    330
DARO 2013 11 25 329   15.2   37.5 21.300  5.000    0.0  0.000 -999.9    330
DARO 2013 11 26 330   15.2   35.7 21.000  5.000    0.0  0.000 -999.9    330
DARO 2013 11 27 331   17.0   36.6 20.300  4.900    0.0  0.000 -999.9    330
DARO 2013 11 28 332   17.0   37.3 19.700  5.000    0.0  0.000 -999.9    330
DARO 2013 11 29 333   17.7   40.4 20.300  5.400    0.0  0.000 -999.9    330
DARO 2013 11 30 334   17.7   39.4 17.800  5.300    0.0  0.000 -999.9    330
DARO 2013 12  1 335   18.7   36.6 18.900  4.800    0.0  0.000 -999.9    330
DARO 2013 12  2 336   22.8   38.5 19.200  5.100    0.0  0.000 -999.9    330
DARO 2013 12  3 337   21.3   39.3 19.400  5.300    0.0  0.000 -999.9    330
DARO 2013 12  4 338   18.3   38.4 17.900  5.200    0.0  0.000 -999.9    330
DARO 2013 12  5 339   19.0   38.7 17.100  5.000    0.0  0.000 -999.9    330
DARO 2013 12  6 340   18.3   39.0 16.500  5.100    0.0  0.000 -999.9    330
DARO 2013 12  7 341   17.8   38.0 20.200  5.600    0.0  0.000 -999.9    330
DARO 2013 12  8 342   16.2   36.8 19.400  5.100    0.0  0.000 -999.9    330
DARO 2013 12  9 343   15.3   36.5 20.100  5.300    0.0  0.000 -999.9    330
DARO 2013 12 10 344   15.1   36.0 20.300  5.300    0.0  0.000 -999.9    330
DARO 2013 12 11 345   19.2   34.0 19.800  5.000    0.0  0.000 -999.9    330
DARO 2013 12 12 346   13.0   34.5 16.600  4.700    0.0  0.000 -999.9    330
DARO 2013 12 13 347   13.4   32.0 19.700  4.500    0.0  0.000 -999.9    330
DARO 2013 12 14 348   16.0   32.3 19.900  4.900    0.0  0.000 -999.9    330
DARO 2013 12 15 349   14.8   31.5 18.600  4.400    0.0  0.000 -999.9    330
DARO 2013 12 16 350   16.6   31.5 18.800  4.500    0.0  0.000 -999.9    330
DARO 2013 12 17 351   18.2   32.8  8.300  3.600    0.0  0.000 -999.9    330
DARO 2013 12 18 352   19.3   32.5 13.200  4.400    0.0  0.000 -999.9    330
DARO 2013 12 19 353   17.8   33.4 16.100  5.200    0.0  0.000 -999.9    330
DARO 2013 12 20 354   18.7   33.3 17.800  5.200    0.0  0.000 -999.9    330
DARO 2013 12 21 355   13.0   34.5 20.000  5.300    0.0  0.000 -999.9    330
DARO 2013 12 22 356   13.0   34.4 20.200  5.000    0.0  0.000 -999.9    330
DARO 2013 12 23 357   11.5   32.5 19.700  5.000    0.0  0.000 -999.9    330
DARO 2013 12 24 358   12.7   32.7 19.700  4.900    0.0  0.000 -999.9    330
DARO 2013 12 25 359   13.7   31.0 14.900  4.800    0.0  0.000 -999.9    330
DARO 2013 12 26 360   17.7   29.7 12.100  4.600    0.0  0.000 -999.9    330
DARO 2013 12 27 361   17.4   35.7 18.300  5.600    0.0  0.000 -999.9    330
DARO 2013 12 28 362   13.0   36.7 20.400  6.000    0.0  0.000 -999.9    330
DARO 2013 12 29 363   14.2   36.1 19.300  6.200    0.0  0.000 -999.9    330
DARO 2013 12 30 364   14.4   32.3 19.500  5.100    0.0  0.000 -999.9    330
DARO 2013 12 31 365   14.1   32.7 18.100  5.400    0.0  0.000 -999.9    330
